id
1230642665030635521
1230642253489635333
1230641801603751936
1230641099976429568
1230639903173640192
1230639215693778944
1230638530780639234
1230638405312229379
1230638006236676097
1230638000188510208
1230637688157425664
1230637052028305408
1230635867988905984
1230635285026832384
1230634999545843713
1230633984167743488
1230633763278737408
1230633119872700417
1230632496192217089
1230631912777166849
1230631239893372929
1230630837810606080
1230627961365155843
1230625968487833602
1230625333625282565
1230624922965291008
1230624646929711105
1230624391941087232
1230623239770124295
1230622714613977095
1230621764985769986
1230621600720080896
1230621164860473347
1230620775767576581
1230619615153152000
1230619031805321224
1230616972896894977
1230615497768677376
1230614725966299136
1230614416137314304
1230614353847734277
1230613953195192321
1230612870682959872
1230612478733803520
1230612475307085826
1230612473289543681
1230612470508720128
1230612157559123968
1230611369583632385
1230611264788992002
1230610402083528704
1230609786691104768
1230609648895610882
1230607306838204430
1230606524843778065
1230606127827546112
1230605586456338433
1230605283111710725
1230603546766213120
1230602446604558358
1230601860580597770
1230601356987293715
1230601213709869065
1230599353783509004
1230599313505517568
1230597651281960962
1230597150834384900
1230596933594624000
1230596442731012110
1230596036667854848
1230595636929662976
1230595187648454659
1230594919569354752
1230594154218082304
1230594021711544320
1230593960122494976
1230593642181648387
1230593006534877198
1230592754960523273
1230592462227419136
1230592384595091467
1230592374067171328
1230592297621954562
1230591808721346585
1230591720171200526
1230591636364759040
1230591625904230401
1230591452826263552
1230591452251447297
1230591394634489870
1230591281119645697
1230590670450110464
1230590210783797266
1230589838514151425
1230589642413662210
1230588791850754048
1230588773941075974
1230588403655356416
1230588334113775617
1230588092119121921
1230587846831947776
1230587757782851588
1230587177685442573
1230587099751079939
1230586581813211137
1230585572152004609
1230585407475109889
1230585035000025093
1230584752115085312
1230584609177571338
1230584524133851138
1230583774561349632
1230583442502561793
1230582899264626689
1230582451732385793
1230582397961412608
1230582362511233024
1230581935350652931
1230581920058220545
1230581868044726274
1230580661997600768
1230580363002433536
1230579872252268549
1230579686998233090
1230579459595677696
1230579064626384896
1230578704851574785
1230578459988152321
1230577377782071297
1230577371574657024
1230577047862464512
1230576765162135552
1230576556889780225
1230576483741163522
1230576031309762560
1230575555612938242
1230575482443378689
1230575178553360384
1230575134840246273
1230575043001946113
1230574842715557889
1230574808829702144
1230574689724096512
1230573770475286529
1230573385266221062
1230573333244207104
1230573320887664640
1230573144508944388
1230572856981049344
1230572756250562564
1230571994799902720
1230571961253646336
1230571700846198785
1230571497799999489
1230570896139513856
1230570499501101061
1230569977222172673
1230569668764672006
1230569550095224833
1230569375406546946
1230568092935360512
1230567961494048768
1230567803708682242
1230567683650797569
1230567340435132416
1230566779568578560
1230566480854560768
1230565148726743040
1230565009073160195
1230564997673046017
1230564932812296192
1230564895227138048
1230562522551312384
1230562486178332672
1230561996199739394
1230561728959639553
1230561451825188864
1230561268467023878
1230561255116558339
1230560981794770944
1230560887997530112
1230560715330600961
1230560153742630913
1230560116388188162
1230560020481245187
1230559916873535510
1230559783649828867
1230559714448011267
1230559659502665728
1230559026909335552
1230558802589564929
1230558354839199744
1230557795889500163
1230557705711976449
1230557692281810944
1230557486911868928
1230557318946775041
1230556319876177920
1230556198966968321
1230555923518615559
1230555483737477123
1230555255584092162
1230555136201637888
1230554539473793027
1230554439301226501
1230554379599503365
1230554255880155139
1230554199890350081
1230553935728873472
1230553337520508928
1230553181429436416
1230552324902281217
1230552289020039174
1230551950845825025
1230551162253799436
1230550956967944192
1230550178140061701
1230550102470586371
1230550098561531904
1230549151311593472
1230549145431076865
1230548922432729089
1230547805766397954
1230547756265213952
1230546362716114944
1230546012294590469
1230545624912797697
1230545268334104578
1230544994127241217
1230544431100633089
1230544208341028864
1230543787191132163
1230543039069859841
1230542835780345858
1230542292311609347
1230541814962294786
1230541655989739523
1230541429694484480
1230540562169724929
1230540441562603521
1230539476872548352
1230538969651253249
1230537847771254785
1230536679305469953
1230536592571453441
1230536083152232448
1230536017368813569
1230535671330344967
1230535608189308929
1230535593005895681
1230535441457328129
1230535140759277568
1230535081107673088
1230534986622697472
1230534955278774273
1230534912706396160
1230534573261574144
1230534307803852801
1230534166644772864
1230534132649857024
1230533927275810816
1230533610337378304
1230533104781144066
1230532773426925573
1230532764455272448
1230532695765266434
1230532617675661314
1230532307624304640
1230532071828779009
1230530594322501632
1230530184937426946
1230529912806760449
1230529715875782657
1230529565946195968
1230529359225618437
1230529080476520454
1230529018337861634
1230528022220021760
1230527905693863936
1230526651307614215
1230526424299245569
1230526199354609667
1230525816821473285
1230525365476642817
1230525090804248584
1230524900735143936
1230524857684779008
1230524766899052546
1230524146301493254
1230523864331038721
1230523487934189569
1230522367102857219
1230522232725700610
1230522231614099456
1230522033425002496
1230521791032037376
1230521698853715970
1230521439922642944
1230521193716948992
1230521172724346880
1230520398137188354
1230520398099423239
1230520246987042817
1230520144364916736
1230520143169585152
1230520010453536774
1230519799756869632
1230519748808581121
1230519727631609856
1230519147202842624
1230519062817595395
1230518632784027648
1230518185469841408
1230517967835713538
1230517759743651841
1230517063367741442
1230516658357391362
1230515505414443012
1230514927141445633
1230514847877455877
1230514507107196929
1230514344984825867
1230514246481596417
1230513241807343616
1230513212614987777
1230513112559669248
1230513112304046082
1230512916073414656
1230512705712377856
1230512595481829376
1230512036972355585
1230511792834719744
1230511748085616640
1230511213513256961
1230511028502433794
1230510303647059971
1230510192623865856
1230510128266432521
1230509890726178819
1230509736505880576
1230509630981378052
1230508764639436802
1230508742984294402
1230508713288577024
1230508554647482368
1230508346790293504
1230508339089625093
1230506985046540289
1230506976561356801
1230506917702750208
1230506811763183617
1230506784152018947
1230506640761327616
1230506631693324290
1230506624739151874
1230506369989709824
1230506303606398978
1230506037108707328
1230505470286270464
1230505300093997057
1230505238714515457
1230504850850447360
1230504730201292800
1230504536994910211
1230504490027098112
1230503836873154561
1230503813955686401
1230503419519086592
1230503116300115968
1230503103000186880
1230502950293864449
1230502008760754179
1230501910551179265
1230501157568753664
1230500567715368964
1230500290547376129
1230499874396868608
1230499183422894080
1230499148987805697
1230499065474973699
1230499046118379523
1230498909325275136
1230498587643121664
1230498477001629698
1230498271413620736
1230498016148234242
1230497887257341952
1230497844974563335
1230497143556911104
1230496875557642240
1230496235427115008
1230495924302098435
1230495682022322176
1230495675521126400
1230495675248496640
1230495466334433281
1230495343554498561
1230495063496544256
1230494952309886981
1230494944755953664
1230494394366689280
1230493768505159680
1230493768442314753
1230493752684417027
1230493652054659074
1230493151766482944
1230493092748247041
1230493070535294977
1230492918579855360
1230492703974141957
1230492434599116806
1230492299529981952
1230492296304582662
1230491932419334144
1230491921199616005
1230491917957390337
1230491818191728641
1230491448635686912
1230491395414220805
1230491357665464329
1230491054903889920
1230490886108303360
1230490311375433728
1230489655444938752
1230489609253117953
1230489034016935938
1230488753212477440
1230488555652370432
1230488524518051841
1230487585560068096
1230487552546623492
1230487476197875712
1230487410871418881
1230487187399024642
1230486505614987264
1230486176429150209
1230486144007245825
1230486065099747328
1230486038319181824
1230484427647733760
1230484364334641152
1230484321909329921
1230483299983876096
1230482858432770048
1230482760172589057
1230482732016226304
1230481230468190210
1230481226659659788
1230481117452611587
1230480534775746561
1230480230227292161
1230480200569380865
1230479017716932608
1230478981343907841
1230478894739992576
1230478820928577538
1230478696114511873
1230478445123166208
1230478442166091777
1230478396284641282
1230478354077421569
1230477713271599104
1230477641129525260
1230477551329521664
1230477212148740096
1230476914869129221
1230476889690660864
1230476696308113409
1230476674661150721
1230476634043699201
1230476452749021184
1230476285593423872
1230475765420101635
1230475437492580356
1230474926995451904
1230474885165703168
1230474705011904512
1230474544223334400
1230474529635491840
1230474519330148352
1230474319177900032
1230474273405513732
1230474218078384128
1230474083869036544
1230473676757270532
1230473525061914626
1230473184190910466
1230472396076912640
1230472130300710912
1230472096712708096
1230471677974323201
1230470973893246976
1230470945111977990
1230470898026598403
1230470393032585222
1230470016014917633
1230470001531981825
1230469761882116097
1230469455349788673
1230469353814069253
1230469237312978945
1230469111882407936
1230468778049376257
1230468535341723654
1230468344282853376
1230467696912994309
1230467632429719553
1230467326681796608
1230467114881966081
1230467021080604673
1230467004370259971
1230466831007277056
1230466636525817856
1230466433987076102
1230466205032615938
1230465729226584065
1230465586611806208
1230465558199570433
1230465428406906880
1230465197476704256
1230464869180346369
1230464747075706882
1230464745519497216
1230464616838287361
1230464477864304642
1230464467294658561
1230464429596270592
1230463685400891394
1230463026349985793
1230462991813840898
1230462782656651264
1230462762154852352
1230462193105240064
1230462130798727168
1230461732688146434
1230461605193842691
1230460429593391104
1230460367903633409
1230460337981358080
1230459723100672001
1230459648509120512
1230459629563449344
1230459611695718401
1230459408834088960
1230459256777908225
1230459029496922121
1230458798915096576
1230458569767690241
1230458558669623296
1230458001364070400
1230457665656180736
1230457224285368321
1230457037672374274
1230456752782675969
1230455820728569857
1230455797475414016
1230455685839806465
1230455553543069696
1230455468960571392
1230455370491006976
1230454994421325824
1230454551678984193
1230454455998582784
1230454319041974277
1230453948928139264
1230453801200558080
1230453446131769344
1230452630096424960
1230451539879321600
1230451232722096128
1230451130024349701
1230449739382034432
1230449180486836224
1230449058864603136
1230448983530708992
1230448874277367808
1230448800336162816
1230448679120707584
1230448668010041346
1230448378791813121
1230448100730339329
1230447451577954304
1230447428144422912
1230447309567250433
1230446889964883969
1230446797249818624
1230445977292746752
1230445794756562944
1230444925470179329
1230443773278269440
1230443117666603008
1230442739893972992
1230442702979858433
1230442355095937024
1230441312819851265
1230441281060507653
1230440614774345731
1230440444653441024
1230439728866111488
1230439697140375553
1230439419078819841
1230439116069883904
1230438575872860162
1230437669211197442
1230437559500787712
1230437440080535558
1230437123733454849
1230436793478152196
1230436312190054400
1230435959499567105
1230435808064212992
1230435467813883905
1230435367758843904
1230434901293486080
1230434507460710400
1230434496043999232
1230434247422275586
1230433836372283392
1230433820614307842
1230433500341440513
1230433150943342596
1230432842682961922
1230432495688011776
1230432198731452418
1230432164275277829
1230431934679048195
1230431872099999744
1230430331658014726
1230430148379500545
1230430084303118337
1230430065395208192
1230428967565504513
1230428830214606848
1230428094768517122
1230427991500566528
1230427566596427776
1230427422937493506
1230427381120282624
1230427169819590656
1230427138899271682
1230427097820278784
1230426703748640768
1230426107259867136
1230426036329963520
1230425212736372739
1230424885823930369
1230424758799523840
1230424517744496640
1230423524566691840
1230423504643772418
1230423330005700608
1230423242973814784
1230423055215841282
1230422692643450880
1230422550783647745
1230421965049036801
1230421896711278593
1230421725612892160
1230421687415558146
1230421572806201345
1230421436528857089
1230421236792123392
1230420357166878720
1230419855905558530
1230419727887065089
1230419701135745025
1230419637659226112
1230419375162888192
1230419364303843331
1230419297530523653
1230419208468606977
1230418877286428673
1230418857543839744
1230418375232196610
1230417805335506945
1230417511998316545
1230417055968612352
1230414766079909893
1230414745947254784
1230413549866045440
1230412928039309312
1230411631412289536
1230411467431780353
1230411302499225600
1230410796900999170
1230410792136249344
1230410725253881856
1230409062384357376
1230407920824668160
1230407710442688512
1230407374151835648
1230405318586372096
1230405057801261057
1230404831665242112
1230404596352327682
1230404342399819776
1230404312305668107
1230404155317071872
1230403697718501381
1230403091431747584
1230402733708107776
1230402346078871553
1230401888983498752
1230401452893523968
1230401185284317184
1230400635125796864
1230399874266476547
1230399346467901440
1230399165345259523
1230398959820136448
1230398887027978241
1230398827913334785
1230398626339459072
1230398593103728640
1230398519522906112
1230397947252076544
1230397927245438976
1230397916222640129
1230397878507470848
1230397032134774784
1230396895958388737
1230396762755682304
1230396674394206208
1230396615585824769
1230396566638399493
1230396538146320384
1230395107905429504
1230394586335531008
1230394337982283776
1230393726049996802
1230393271211450370
1230393235555614724
1230392792255475712
1230392144227160066
1230391871169613824
1230391836948168704
1230391427374493696
1230391402023940097
1230390543387185153
1230390377456205824
1230390087743156224
1230387935398125568
1230387861083455490
1230387614215294977
1230387265559580672
1230387057522102272
1230385836212072448
1230385407524732933
1230385025268449282
1230384450791497729
1230383977690583040
1230382926594007040
1230382163473895424
1230381946901016576
1230381771180662784
1230381189778825216
1230380945938767873
1230378841505488896
1230378749234962433
1230378081333891077
1230377962387668992
1230376353159098369
1230376148590366720
1230375898857295874
1230374600313376768
1230373705412435968
1230372910231150595
1230372627375542273
1230372305609674753
1230372246016942082
1230372214349979648
1230371905028476933
1230371884409196544
1230369901761777664
1230369763077033984
1230368591951908864
1230367552603381760
1230366761226207232
1230366532225597440
1230366427422568448
1230364013244092416
1230363837133660160
1230363534585974784
1230363245648601088
1230363028962652160
1230362721083891713
1230360349397966848
1230359428278497280
1230352842654932992
1230352514060517381
1230352449313165312
1230351694699036673
1230350812125310976
1230350589831401478
1230349510204895232
1230349415849828352
1230348912415985664
1230346160918929408
1230345904269516800
1230344251273338880
1230343370662457344
1230343297937420291
1230343229796536324
1230343226013487106
1230343000439640064
1230342140263325696
1230341751765749760
1230341305483415552
1230340604313448454
1230339357392932865
1230336090114052096
1230335889894772738
1230335647111577601
1230334891381993473
1230333843909074945
1230333428492623873
1230332324144799744
1230331651147870208
1230331474588700672
1230330310966923264
1230329786494521344
1230324011546091521
1230323892528590848
1230322238148284417
1230320528713490432
1230310201208623105
1230309635955085312
1230308981370949633
1230308669390192640
1230303513835638785
1230302867505975297
1230302542397132800
1230301324962664452
1230300552216666114
1230298567337742344
1230297930445344770
1230297583895142405
1230296856346927108
1230295494024474625
1230293946775023616
1230293040650227712
1230292596959973376
1230289822616518656
1230288355922993152
1230288328773308416
1230287379023437825
1230286201321451520
1230285713293414401
1230281372734042112
1230281315007844352
1230281157520109574
1230640656340615168
1230635473405710338
1230634306411933697
1230630496041947136
1230628904072859653
1230627601326256128
1230626916656349184
1230624490238943232
1230622509730607110
1230621129733214210
1230615914573389825
1230612095571570688
1230611527675322370
1230610730262683675
1230610288623394816
1230610051590742018
1230606916914733061
1230605407221145616
1230605051997163520
1230603574725562370
1230603337151713280
1230598133719195659
1230597440706895874
1230595404426772481
1230594800262549504
1230593676801433617
1230593196503293961
1230593169886187521
1230593077959680002
1230592386671271936
1230591895442776070
1230590705447395329
1230590607380406272
1230588040193728512
1230587522658512896
1230586963482333185
1230585982803640321
1230584797422067712
1230581596580982785
1230581449532768256
1230578962675400704
1230576980879446017
1230576509829730304
1230576460806619136
1230575347244175362
1230574462975827969
1230574350362927104
1230572839629180928
1230572117793656832
1230572057773121541
1230571504267669506
1230566660269961216
1230566042000220161
1230565108163571712
1230564629278908416
1230564585507176449
1230561381981622273
1230561128343719938
1230559708039135234
1230558553049485316
1230558128724307969
1230558122025971712
1230557782656475137
1230557497007603712
1230556051394576384
1230555791435845633
1230554507353808896
1230554463540137984
1230553552755425281
1230552692910481408
1230552477545582592
1230551543956430849
1230551534041096197
1230550960625160193
1230548027775033345
1230546994080468992
1230546731198287873
1230544346266521600
1230542750950580224
1230541559738896386
1230539574545395718
1230539516991148033
1230538776356757505
1230538288890552321
1230538104127115264
1230536345464037376
1230536118065487872
1230535601960759297
1230534894436134913
1230534616559374337
1230534534606647297
1230534298085810176
1230531985715716097
1230531597826433030
1230531113308819462
1230531104874037248
1230530999664173057
1230530398171561986
1230529834629128192
1230528993553788928
1230528632075911168
1230528035725742085
1230527673417465856
1230527197506613254
1230527139663024134
1230524460287111169
1230524458387099648
1230524300987379713
1230524023441907715
1230523828914343937
1230523671107833857
1230523637498818561
1230523130868912128
1230522807693594628
1230522478574829568
1230521004184743938
1230520952053813248
1230520760298590210
1230520025401954307
1230519794778214405
1230518985986277376
1230518976486289408
1230517934512070657
1230517622871068673
1230517119944622081
1230516523913052165
1230515929315991552
1230515389047681026
1230515386271092736
1230515293644099591
1230515010192990208
1230513070117736448
1230512098041565186
1230511510792876032
1230511284858298368
1230511086203527168
1230508968725876736
1230506991564546049
1230506548792786944
1230506415845933056
1230504878205624320
1230503732313501700
1230503649350234112
1230503462754037760
1230502668478578696
1230502270661517313
1230501466781233152
1230501433834967041
1230500175082348544
1230499612647153664
1230498659957182465
1230498655699861505
1230498583155290119
1230497346175283200
1230497156085186561
1230496133560066048
1230496038592667648
1230494934500872192
1230494815835451393
1230492885679820800
1230492159440277505
1230491267156652032
1230488638070435841
1230488524308107264
1230485682654777344
1230484849464676353
1230484805525155840
1230484306214244353
1230484092409536517
1230483895415648263
1230483305453248514
1230483003270483969
1230482987420209153
1230482965349752835
1230482879966216192
1230482779151982592
1230482772550148096
1230482701058179075
1230482615376982016
1230482596162830336
1230482526700961793
1230482357217611777
1230482259196751880
1230482232894033920
1230482228108550144
1230482172093566977
1230482091080638464
1230481928316428289
1230481854605799426
1230481837165813760
1230481762242965511
1230481724200673283
1230481694714662913
1230481631913422848
1230481360097288193
1230481337968156672
1230481321933393920
1230481265859735557
1230481222591184896
1230481166425296896
1230481161861976064
1230481136742227968
1230481036750020610
1230480700417200128
1230480565339656192
1230480541650161670
1230480361915895811
1230480330861273088
1230480209964621829
1230480186451386369
1230480037222199298
1230479980720795649
1230479846905700352
1230479716617986048
1230479619658330112
1230479285984677891
1230479268301373440
1230479225729232898
1230479056476524545
1230478979758514177
1230478965707608069
1230478857834246144
1230478769732931588
1230478724837015555
1230478695405625344
1230478663231135744
1230478647951269891
1230478647447949313
1230478558121820161
1230478534650540032
1230478514748567553
1230478508830400517
1230478499024166916
1230478489817624576
1230478268467470337
1230478222468448258
1230478073746751488
1230478040121126912
1230477871887474688
1230477868192485378
1230477861406023680
1230477758049984512
1230477749489471488
1230477584321957890
1230477583080394752
1230477407884324864
1230477347066982403
1230477327093714946
1230477242603593728
1230477208533323776
1230477194574561282
1230477165352947712
1230477086307033092
1230477070725152768
1230477058318503937
1230476940244549632
1230476929834377218
1230476884854681600
1230476875715223552
1230476874230439937
1230476699789340672
1230476647540940801
1230476613575421952
1230476581010919424
1230476488962650112
1230476410717908992
1230476273945804801
1230476258498273282
1230476169251872769
1230476145029677058
1230475890901032960
1230475863461974021
1230475853827596290
1230475767055863809
1230475647463645186
1230475460489904128
1230475350616006656
1230475334803476480
1230475330202324992
1230475238804197377
1230475208731090944
1230475024924135427
1230475008272666624
1230474982435827714
1230474952425529344
1230474917445013504
1230474788398882816
1230474787589365760
1230474757809766403
1230474745071775746
1230474720375648256
1230474718681214976
1230474703258693632
1230474567472369664
1230474542881103872
1230474316321640448
1230474275053801478
1230474057365282817
1230473925412491265
1230473877903626240
1230473857196228608
1230473818394779655
1230473811818110978
1230473804293558272
1230473619584770048
1230473425216364548
1230473424834846720
1230473183280746497
1230473026359177217
1230472998525820928
1230472995925372934
1230472875360051200
1230472730572722176
1230472645084315653
1230472644757262336
1230472570698391552
1230472562733391875
1230472525857120257
1230472452997832707
1230472376334372874
1230472256758976512
1230472183094398977
1230472176291209218
1230472139960147969
1230472109916393474
1230472097522012161
1230472062470381575
1230471985974652928
1230471774468440064
1230471677735264256
1230471626497679360
1230471557660717057
1230471503336103936
1230471486764437506
1230471422889168909
1230471355990257670
1230471341532422144
1230471318145032192
1230471277544169472
1230471254257340416
1230471239459889155
1230471153610784768
1230471150876135424
1230471108702490630
1230470991257702400
1230470908382457857
1230470876384153600
1230470848794025986
1230470777574772737
1230470685618769920
1230470600210120705
1230470514034061314
1230470418059943936
1230470407364513792
1230470354277216263
1230470327861489665
1230470163075649536
1230470058255749121
1230470018242052101
1230469923190824961
1230469802399059980
1230469753841553410
1230469747751497728
1230469664674897920
1230469661466222592
1230469534378856451
1230469389356498944
1230469228941266944
1230469004759879680
1230468990528561152
1230468970517585922
1230468878381256710
1230468768809312256
1230468731941326848
1230468511975247873
1230468502655586304
1230468350150631425
1230468349240500224
1230468300901146625
1230468165932634112
1230467993173360640
1230467927612305408
1230467748976824321
1230467660128845826
1230467596396498944
1230467469988581376
1230467465815171079
1230467403148091392
1230467375713177600
1230467348940849153
1230467038436524032
1230467031792803840
1230467027355217920
1230466956043657216
1230466863240482816
1230466741714792449
1230466621732540416
1230466615285862401
1230466588421345282
1230466533324926979
1230466500085022721
1230466490484363269
1230466395097485312
1230466221281247232
1230466113986867200
1230465984177278977
1230465719328026624
1230465666194558978
1230465649165635587
1230465582845321216
1230465322328764416
1230465129533317121
1230465096847122433
1230465049392750592
1230464956203704322
1230464898968276992
1230464769741795328
1230464712871157760
1230464707192086529
1230464609376706560
1230464579517505537
1230463870562635783
1230463818993721344
1230463793207091206
1230463746537066498
1230463664601391105
1230463557491294213
1230463445243441153
1230463217329152000
1230463192222044160
1230463140288253954
1230463103172780037
1230463057689763841
1230463055986937857
1230463044393799680
1230463035787091968
1230463001800724480
1230462956380528640
1230462944758116352
1230462920884150273
1230462913745432577
1230462902689259525
1230462872154726410
1230462823031070720
1230462787920551937
1230462765560664064
1230462645637197824
1230462300919914496
1230462240433807360
1230462217012817921
1230462132560502785
1230462105830051841
1230462104311943168
1230462100008513536
1230462093339611136
1230462066714193922
1230462013022908416
1230462013010333703
1230461923860373504
1230461791962062848
1230461451548209152
1230461417117147136
1230461335990886400
1230461325240745984
1230461286275846144
1230461278503809025
1230461225974280192
1230461071577747457
1230461059665887232
1230461048488124417
1230461041370251264
1230461032843354112
1230460965734567937
1230460897757409286
1230460775283777536
1230460730484412416
1230460718866194432
1230460613656268800
1230460551115005954
1230460520005799942
1230460430428098561
1230460304900984833
1230460285972045824
1230460015716261888
1230459813118824448
1230459784614289408
1230459735469588480
1230459716616249344
1230459713940283393
1230459523380449280
1230459468682551302
1230459442010972161
1230459259189637121
1230459235928068096
1230459191883714561
1230458984970190848
1230458932730134529
1230458869710753792
1230458796146905089
1230458795765248003
1230458794095849472
1230458748860235776
1230458709291274240
1230458637589647360
1230458589036339200
1230458563526561792
1230458507952107520
1230458405653024768
1230458335394136065
1230458325457874945
1230458312543653888
1230458238660988928
1230458160839876609
1230458145337675778
1230458102941659139
1230457985937367042
1230457950969434112
1230457904387559424
1230457904240775168
1230457863396581376
1230457833822523392
1230457814709043200
1230457805569757185
1230457804907040769
1230457763400224768
1230457755816910850
1230457682164953088
1230457648212070400
1230457550212075525
1230457463910080512
1230457440795275264
1230457391738687488
1230457377771728897
1230457339595104256
1230457279809490945
1230457222653673472
1230457199266271233
1230457067103670273
1230456586684051456
1230456549971308546
1230456490068250624
1230456467171553281
1230456393968373766
1230456384631820288
1230456380412375040
1230456263235993600
1230456256051191811
1230456185783975938
1230455978157658112
1230455943500095488
1230455845042913280
1230455834645319683
1230455825031929856
1230455816651726848
1230455808929849344
1230455761068810241
1230455724779745281
1230455693838127104
1230455662498516992
1230455502708051968
1230455477420658688
1230455476212715520
1230455451051053058
1230455441731325953
1230455406176145408
1230455397087096832
1230455363385856000
1230455355970375683
1230455223170273280
1230455080488505344
1230455039476617218
1230454986229927936
1230454906588422150
1230454891749036032
1230454881988890627
1230454773868113921
1230454729886568449
1230454692188127232
1230454688472014848
1230454664967139328
1230454659946614784
1230454635573530625
1230454623372226566
1230454589931032581
1230454567638380544
1230454550668005378
1230454497849245702
1230454421026414593
1230454356358713344
1230454327497629696
1230454262297243649
1230454244551032832
1230454216721928192
1230454021619580938
1230454015139299331
1230453903730278400
1230453891399081984
1230453888815390721
1230453819265470464
1230453804891541505
1230453762197803009
1230453701510299648
1230453660620132353
1230453593846755330
1230453549261299714
1230453531120934912
1230453507855192064
1230453504017391618
1230453463420723200
1230453375281528833
1230453343551737856
1230453317484138496
1230453301340233730
1230453218712444928
1230453206502854662
1230453193957613568
1230453118623678464
1230453065716785152
1230453007931912192
1230452988772323328
1230452761281646592
1230452720613699585
1230452708970291206
1230452680499384320
1230452662266683392
1230452438156685312
1230452412772687873
1230452394443628545
1230452391394279424
1230452388022099968
1230452249467338753
1230451973595504641
1230451940808626176
1230451901013069826
1230451869979418624
1230451856079511552
1230451819958145024
1230451766203994112
1230451669378445319
1230451614189785094
1230451605142634497
1230451535978618880
1230451516034748416
1230451475836526593
1230451411617505280
1230451378360922120
1230451334840713216
1230451275508178944
1230451240284368896
1230451140678103041
1230451111154372611
1230451086668029955
1230451038123106304
1230450975938416640
1230450924184838144
1230450858598567938
1230450847013888000
1230450714951942144
1230450675487772672
1230450667782909952
1230450632131252225
1230450579668946944
1230450351477792768
1230450314152677376
1230450305705349122
1230450286906482688
1230450231000604677
1230450230786740234
1230450135353712640
1230450108019478529
1230450103271313410
1230450037341270018
1230449870642798592
1230449854268215296
1230449819359043585
1230449804288954374
1230449758038347776
1230449481512050689
1230449418530435072
1230449330848509952
1230449275466846208
1230449225869201408
1230449193057210369
1230449180600041474
1230448927792619520
1230448864261496832
1230448842493001735
1230448683256340480
1230448674460839936
1230448392188387328
1230448350467629056
1230448265772126209
1230448254913040384
1230448177637183488
1230448101330169857
1230448086062968832
1230447784865730560
1230447755614662656
1230447732868993029
1230447680318529537
1230447649792438273
1230447629366067200
1230447529277390849
1230447430723887104
1230447415829946368
1230447327514677249
1230447239576850432
1230447236242399232
1230447234082332672
1230447160665219072
1230447031589777408
1230447002120605697
1230447001382182914
1230447001336045570
1230446900501008385
1230446819571884032
1230446723581009923
1230446668363042817
1230446639183278080
1230446371800539137
1230446295728447489
1230446202614960128
1230446190182924288
1230446187439951872
1230446186198425601
1230446087892295680
1230446037292265474
1230445955285233664
1230445860317777920
1230445812657860609
1230445811571527681
1230445805359771648
1230445773533458433
1230445579303559173
1230445568264146944
1230445480880070656
1230445349606772736
1230445311895666690
1230445220665401345
1230445178676269057
1230444993493557248
1230444846562893825
1230444841781407750
1230444759996653568
1230444728115777537
1230444621932703744
1230444584347602944
1230444552181485569
1230444378063282176
1230444115525066754
1230444026278694912
1230443989456871430
1230443840982700032
1230443809844187137
1230443797110239232
1230443740453621760
1230443723080769538
1230443618969714688
1230443590347874304
1230443263699640321
1230443225707667457
1230443208745684993
1230443196523712517
1230443162549747712
1230443064960876545
1230443047172923392
1230442928365064194
1230442860312440832
1230442727617241088
1230442718041722880
1230442701289664512
1230442679114309632
1230442648579776512
1230442614781988864
1230442563607371777
1230442537233637376
1230442499442913281
1230442457155952640
1230442398267969537
1230442391703871493
1230442372162560000
1230442305158557696
1230442244404019200
1230442237626109952
1230442233134014465
1230442187088896001
1230442040703541250
1230442031966756869
1230441975427588099
1230441720657129472
1230441693029289984
1230441630072737792
1230441628260818944
1230441526209253378
1230441460346032128
1230441408781279232
1230441347083112448
1230441265755574272
1230441207299497984
1230441190081867776
1230440942773002240
1230440895662755840
1230440819318034432
1230440807192309765
1230440745108221955
1230440730293915650
1230440631065026560
1230440618272444416
1230440335211409408
1230440280828129280
1230440213308112896
1230440186200416258
1230440151014309888
1230440106005233667
1230440095192428544
1230439938342244358
1230439895921025024
1230439886353813504
1230439876811796480
1230439693579411461
1230439538683719680
1230439518777548800
1230439493922107393
1230439465405030402
1230439441526919171
1230439307653124097
1230439287587561473
1230439163524255744
1230439120062861315
1230439072205807616
1230439060763824128
1230438684778024960
1230438600250019842
1230438400550998017
1230438341625118722
1230438323518353408
1230438322109063168
1230438284649738240
1230437801646272513
1230437779588501505
1230437778955128832
1230437759371923456
1230437697380065280
1230437689339588613
1230437637158264833
1230437558326366208
1230437552307556353
1230437490974167040
1230437436108480513
1230437258823688193
1230437077478727681
1230437024580145152
1230436867046334465
1230436866136125441
1230436836427935744
1230436834989215745
1230436817142505472
1230436799320817664
1230436702285651968
1230436701698392064
1230436621822107648
1230436452141543425
1230436444348538882
1230436360982585345
1230436341214740481
1230436332817743874
1230436294259597312
1230436104660299778
1230435975148589060
1230435904470310912
1230435799856009216
1230435759011901440
1230435648622022657
1230435572344336384
1230435452391432192
1230435421026471936
1230435355666546689
1230435337954119686
1230435218726825990
1230435136526831616
1230434946940010496
1230434846889127938
1230434785140625409
1230434775372062720
1230434606979133440
1230434551081656320
1230434528646385664
1230434417723596801
1230434384928530432
1230434209258450944
1230434202165895170
1230434066446606336
1230434047765204992
1230434033668120576
1230434025732497408
1230433957126254592
1230433954953596929
1230433896598294528
1230433780214702080
1230433566586286080
1230433522558623744
1230433519756808196
1230433403272597510
1230433386839363586
1230433281570693121
1230433274973040640
1230433203699290113
1230432963160104962
1230432829286293504
1230432803101257728
1230432729902260225
1230432687372021760
1230432659874205696
1230432631533293568
1230432534003056641
1230432406366294016
1230432156490641411
1230432136047538176
1230432091680231424
1230432090203836417
1230432059962863616
1230432011543830529
1230431990559789057
1230431975166631936
1230431942773964802
1230431903460646912
1230431891666481152
1230431749487910915
1230431441349206016
1230431320922259457
1230431018869493765
1230430877408202753
1230430869082574848
1230430719760945152
1230430359764029441
1230430346568699909
1230430276670672896
1230430107476668416
1230430102867103749
1230429986059956224
1230429764122546177
1230429719910342658
1230429647776645121
1230429589501022208
1230429561990635523
1230429521498824705
1230429509343727617
1230429499151409152
1230429465521664000
1230429428016177156
1230429421275877376
1230429277843329025
1230429261841879040
1230429222801477632
1230429051233370113
1230428950020620288
1230428915870687234
1230428829866438657
1230428827513434112
1230428758072582144
1230428752074682368
1230428741064675329
1230428500605140995
1230428345906728960
1230428264902078464
1230428260434989057
1230427897976020993
1230427894796759040
1230427859983970304
1230427664256765952
1230427582199468033
1230427531528097792
1230427438666088448
1230427393384501249
1230427347846864901
1230427293803302912
1230427230846713856
1230427213192945664
1230427181924462592
1230426995789639680
1230426952055607303
1230426891192078336
1230426849815166978
1230426718617374724
1230426350009208833
1230426247399976961
1230426207214239744
1230426051525906434
1230425982881890305
1230425967862177792
1230425811653664768
1230425791692988416
1230425781148508161
1230425756771274753
1230425627959975936
1230425507990265862
1230425501581422592
1230425251198259201
1230425002341814273
1230424956783276032
1230424866660257792
1230424848712830976
1230424761148334082
1230424706274222080
1230424666008965120
1230424654310973441
1230424643045072896
1230424617526927360
1230424617308819456
1230424482566803457
1230424481484746753
1230424417693569025
1230424401167953923
1230424352019095552
1230424346436538368
1230424303960719360
1230424263217291265
1230424190307766272
1230424174046433281
1230424144690450434
1230424047512702976
1230423986783301632
1230423918097444865
1230423839013769216
1230423827982831617
1230423797838340096
1230423738673352704
1230423688379588608
1230423671614955525
1230423351358894083
1230423350326874116
1230423318471290882
1230423095749566464
1230423076539641856
1230423033204092931
1230423018297528321
1230422462590001159
1230422404863844352
1230422325385924608
1230422310957600772
1230422139423076354
1230422126185848834
1230421935030505472
1230421888108810240
1230421829690576896
1230421721963995137
1230421717052469248
1230421705803341829
1230421592376823809
1230421566275702784
1230421554053492739
1230421504300658689
1230421447128027136
1230421040087674880
1230421010396196865
1230420983099645952
1230420920940060672
1230420794989305857
1230420778832859136
1230420767332061185
1230420697253588992
1230420694699302912
1230420610255376384
1230420609131307010
1230420528822919171
1230420486875688960
1230420480299020290
1230420389475446784
1230420375781203969
1230420105839902720
1230420006183239680
1230419988437258240
1230419980874866688
1230419937279303680
1230419933647065089
1230419866181656576
1230419855905558530
1230419840592154630
1230419795708989440
1230419761936445440
1230419623943819265
1230419488006430726
1230419385233367041
1230419375250984962
1230419375162888192
1230419306250481665
1230419297756991494
1230419254652080128
1230419089459417089
1230419060204146689
1230419040235114496
1230419026192556036
1230418922022883328
1230418737561571329
1230418628618727424
1230418585476042757
1230418532879519744
1230418530979414016
1230418471034466305
1230418344433639433
1230418338758713345
1230418189865168896
1230417956259192833
1230417885497090048
1230417717053870083
1230417654290108417
1230417616046608387
1230417466498723840
1230417387721236482
1230417111002079232
1230417067377123329
1230416956077068288
1230416874007035904
1230416864838324224
1230416803358134273
1230416762589646849
1230416540480294913
1230416338184757248
1230416181439483904
1230416106386599936
1230415843806384135
1230415735748546560
1230415609004990464
1230415584124440576
1230415555083087874
1230415471591247873
1230415319967109123
1230415149271519232
1230415081307099136
1230414896933822464
1230414890680160257
1230414734354272256
1230414646244499456
1230414579320131584
1230414548475240448
1230414196799660033
1230413963936063488
1230413764333330438
1230413728446808064
1230413578370461697
1230413436833730570
1230413195954839552
1230413156079591425
1230413026735476737
1230412885408522241
1230412841007579136
1230412823701925890
1230412742554718209
1230412635654496256
1230412523016507392
1230411993875656705
1230411909129699328
1230411834756345856
1230411757329506304
1230411586889748485
1230411548528607232
1230411464277725184
1230411345700564999
1230411153307848704
1230411129681215488
1230411109443743744
1230410978120040449
1230410972856246272
1230410890794631168
1230410827364171776
1230410816807198722
1230410776369942528
1230410690046889984
1230410673030651904
1230410591480799240
1230410503098425344
1230410495871668224
1230410365546221570
1230410200345128960
1230410045755678722
1230409596914847745
1230409587175698432
1230409564933312516
1230409261282451461
1230409225999966212
1230409162921783296
1230409016209289221
1230408841424072704
1230408817076326401
1230408806439370752
1230408798663258112
1230408767726116864
1230408651355172864
1230408641649442817
1230408605549125632
1230408385939615744
1230408359070834688
1230408356260646912
1230408167625981957
1230408048809775104
1230408045945139201
1230407920623456256
1230407773348913153
1230407634114793472
1230407610815389696
1230407562752909312
1230407481433694208
1230407467969982464
1230407410864529408
1230407368174964736
1230407302122962944
1230407183982112769
1230407183537278976
1230406991950024704
1230406966419361792
1230406869187006465
1230406802271088641
1230406520178958337
1230406364578668544
1230406279266553856
1230406068875841536
1230405741498032128
1230405710363664384
1230405609033551872
1230405477143646210
1230405470025928704
1230405422869295104
1230405417202835461
1230405152575606784
1230404887298662401
1230404886086475776
1230404845955362816
1230404801130827776
1230404764061618177
1230404710290595840
1230404416697708545
1230404334145490950
1230404299919937542
1230404224154030080
1230404218835496961
1230404139420717056
1230404095946690560
1230404068704706560
1230403945799069696
1230403572396892166
1230403481187516417
1230403434676998144
1230403217923682304
1230403160671477760
1230402950775832577
1230402922988658689
1230402894257623041
1230402795850743808
1230402762455867393
1230402573557018627
1230402439746064385
1230402412806053889
1230402346078871553
1230402319243714560
1230402293650067457
1230402201060859904
1230402177765695489
1230402095905419265
1230402062799732736
1230401927776808960
1230401920075997186
1230401816590012416
1230401628563529735
1230401621819035648
1230401349768163329
1230401323201421312
1230400943667191808
1230400873282592769
1230400420994002946
1230400135999492099
1230400084480811008
1230399962934075393
1230399931535577089
1230399723087024128
1230399688333025280
1230399656909328385
1230399591205556227
1230399563103686658
1230399503330664448
1230399472515059717
1230399298279440384
1230399214129229824
1230399143258066946
1230399129848860673
1230399057069301760
1230399045127950336
1230399043337097216
1230398821299036161
1230398764176805889
1230398670207672320
1230398626339459072
1230398567971467264
1230398498710937601
1230398459909484544
1230398425239293952
1230398291969527808
1230398166463283200
1230398156116045824
1230398076550025216
1230397505629835264
1230397481705463808
1230397382321373190
1230397338247626753
1230397335529836546
1230397271273025541
1230397174560776193
1230397136807845888
1230396926950084608
1230396894628786176
1230396796901429249
1230396756573216768
1230396736641916928
1230396470458601472
1230396460245626880
1230396448711364609
1230396207102644225
1230395896740896768
1230395699759546368
1230395406678396929
1230395320091189250
1230395270481031168
1230395246711840768
1230395164558077957
1230395089035431936
1230395040821805056
1230395004687978496
1230395000413917186
1230394829277888513
1230394807807303681
1230394612071706625
1230394558317547522
1230394214829232136
1230394210571948037
1230394152581574656
1230394149486178304
1230393639089659911
1230393610006339584
1230393478401740800
1230393411397701632
1230393389398536192
1230392960182882304
1230392936682131457
1230392779689340929
1230392462817914881
1230392317942665216
1230392292386779136
1230392169313316864
1230392105622786048
1230392103991160832
1230392085737607169
1230392078229700608
1230391539010088960
1230391153071132674
1230391027602788353
1230390729895268352
1230390667433644032
1230390371580026880
1230390295642148869
1230390292928438272
1230390291892506624
1230390135327510529
1230389527203717120
1230389121794924544
1230388770761068544
1230388760166240256
1230388555559718912
1230388342329663488
1230388008286851072
1230387894398967808
1230387725448163329
1230387553951526912
1230387521416245249
1230387422376140802
1230387153999405056
1230387149868019713
1230387051692011522
1230386949296398336
1230386674686926848
1230386561222615040
1230386536241410049
1230386374215454722
1230386298910904320
1230386214928297986
1230386168312815616
1230386160205205509
1230385836048420867
1230385679559020544
1230385662043443203
1230385613230264320
1230385534251524099
1230385464638656512
1230385117560016896
1230384938362343424
1230384926685564930
1230384674326896640
1230384671005069313
1230384584388481024
1230384402762469376
1230384182460895232
1230384138861129728
1230384086117572608
1230384006719528960
1230383999534686208
1230383868001255424
1230383730721730560
1230383593794478082
1230383474323972096
1230383336100638721
1230383055875035136
1230382854363926528
1230382851025244160
1230382760960962560
1230382705470251008
1230382570573107200
1230382533503836160
1230382263877197825
1230382227650949120
1230381973761351680
1230381963502116864
1230381912587427841
1230381758509715457
1230381753795260416
1230381645452206080
1230381569493176320
1230381538694586368
1230381266693914624
1230381019783626752
1230380976527859712
1230380503645261824
1230380479716691968
1230380297314803712
1230380191085666305
1230379685768581120
1230379660808200193
1230379621683793920
1230379569531760640
1230379514481520640
1230379478326661121
1230379022439321600
1230378870454575104
1230378781166198784
1230378774291795968
1230378685338935296
1230378641198063617
1230378597589901313
1230378554094956546
1230378415615664134
1230378309160259584
1230377966305234944
1230377961917943808
1230377952535339009
1230377926262247424
1230377884428177408
1230377875875999745
1230377845630865408
1230377843810619393
1230377689908940800
1230377689216946178
1230377522560425990
1230377452888895490
1230377432634548224
1230377360119279616
1230377216942526470
1230376909311291392
1230376844253450241
1230376567685177345
1230376547946815489
1230376414756712450
1230376379667054592
1230376095578513409
1230375828208394240
1230375652710285312
1230375579972767744
1230375374955143173
1230375177239908352
1230375080582098944
1230374987229540353
1230374659536846848
1230374337762545664
1230374163803758592
1230373944600952832
1230373773838344192
1230373599623680000
1230373570020286465
1230373271658532864
1230373175369895937
1230372884851384320
1230372497889091584
1230372158016192512
1230372058825207808
1230371775541862400
1230371644511838209
1230371514484248576
1230371504744849408
1230371415586738176
1230371356035801089
1230371240621334529
1230371164364693504
1230371048488685573
1230370599916232704
1230370570426028032
1230370284806508544
1230370085660917761
1230369877011107841
1230369599465689090
1230369518402330624
1230369334586957824
1230369209433063424
1230369206744600577
1230368979446714369
1230368793505017858
1230368534712156160
1230368373881606150
1230368321859616773
1230368263110103043
1230368180951973888
1230368135649415169
1230367545963827200
1230367528423165952
1230367392607371264
1230367194082664448
1230367093150879744
1230366887088926720
1230366412931293185
1230366370342342656
1230366362188513281
1230366359869063169
1230366359734931461
1230366274204639234
1230366153723318272
1230365662956138496
1230365655997784064
1230365637895127040
1230365576234704896
1230365335427174401
1230365048033464322
1230364890239512577
1230364650757394432
1230363970323632128
1230363953345302528
1230363953307451394
1230363906918486016
1230363526688124929
1230363492458299392
1230363268369260544
1230363210957688832
1230362803543908352
1230362459631955968
1230362374437326848
1230361427455725569
1230361015314997249
1230361008180531202
1230360955848200193
1230360882183655424
1230360826411933698
1230360685986680832
1230360537848057863
1230360300047798272
1230360194678476803
1230360093306359810
1230360017934659585
1230360009390919680
1230359997055471616
1230359551410569216
1230359145964097538
1230359097620467712
1230358866044620800
1230358348920479744
1230358008384888832
1230357816092876802
1230357596487528448
1230357450441842688
1230357349434634241
1230356901113847808
1230356580530520065
1230356435256496130
1230356401479933952
1230355838478536704
1230355481098686466
1230355205516136450
1230354931544133633
1230354292910854144
1230353902370983937
1230353175166803969
1230352926792704001
1230352197239615494
1230352102653923333
1230352006923137024
1230351641536323584
1230351391945842689
1230351345535811584
1230350691652325377
1230350597045587968
1230350537897410561
1230350382171377666
1230350103430471680
1230349720985403393
1230349349521121280
1230348887124324353
1230348854257688576
1230348308478152704
1230348057604214785
1230347710991040512
1230347151013826560
1230347068348289024
1230346707566723077
1230346433645203456
1230345895700389889
1230345305838759938
1230345210082856961
1230344622490210305
1230344284580261888
1230344223079137280
1230342530782449664
1230342528987123717
1230341305546395652
1230341305399697408
1230341304317382657
1230340800766185472
1230340777982746627
1230340358665621506
1230339877352431616
1230339357392932865
1230339272819007490
1230339023060774914
1230337967681605632
1230337904796426242
1230337529313996800
1230337059082162176
1230335936677994496
1230335667693064192
1230334501257170944
1230333808421064704
1230333735901552645
1230333379641511936
1230332831836049414
1230332691385589762
1230332418005045249
1230332124387069952
1230332051385192448
1230331637679915008
1230331390505431040
1230331174041653248
1230330899847315456
1230330477317251074
1230329538527342593
1230328478836436992
1230328123977281536
1230327903310708736
1230327439357861888
1230327138592739328
1230326708231954433
1230326596348915712
1230326456640774144
1230326205716496384
1230326205393625088
1230326032995094532
1230326008194183168
1230325509822832640
1230324639437643777
1230323661778767872
1230322429861531649
1230321506653093888
1230320980716855297
1230320811459788800
1230320468718043137
1230320450535862274
1230319771192659969
1230319461535813636
1230319364945186816
1230319081250750465
1230319016943611904
1230318725414506496
1230318697379700737
1230318681365737473
1230318655390380032
1230318327576354818
1230317363620458496
1230317337640873986
1230317100364857344
1230316913366118403
1230316830511845377
1230316474033635329
1230315778911670272
1230315325922697216
1230314995474411520
1230314968404385792
1230314880013463553
1230313621718212609
1230311639213367296
1230311107660636160
1230311106041696256
1230311105907396608
1230310790198112256
1230309887093202949
1230309474373640192
1230308858737889281
1230308634103599105
1230308515719323651
1230306057488039937
1230306009429790721
1230305892165455874
1230305612933861376
1230305455760642048
1230304028149583872
1230303573067649024
1230303555594137600
1230303555363524609
1230301838647463936
1230300852705005568
1230300384310243334
1230300124905136132
1230300068105854977
1230299681680510978
1230299129655500800
1230299071979630593
1230298864621670400
1230296531150024705
1230296005632856064
1230295847616876544
1230295807632474112
1230295682856235009
1230295427645345793
1230295240935923713
1230295146400505857
1230294578076553216
1230294564495339521
1230294169702277120
1230293966685429761
1230293543660478464
1230293339318210560
1230291786549071872
1230290972551942145
1230289880942600196
1230289669692284928
1230288799357423621
1230288789035241472
1230288713789399040
1230288268605915136
1230285635912716289
1230285607173267456
1230285019949785089
1230283734114541568
1230283668872192005
1230282121828339712
1230281924595286016
1230281506972749825
1230281086757953536
1230280957913161728
1230280909062123520
