id
1231366441770856448
1231366032675176450
1231364779496919040
1231364296770310146
1231363698066907136
1231362192295047170
1231362162616152064
1231360459888046080
1231359881489326080
1231358402326081537
1231358258004348928
1231354297486540800
1231353187254308866
1231352409827479552
1231352342185943044
1231349999893667840
1231349617884880896
1231349330906353664
1231348719305601024
1231348288424759303
1231348153137451010
1231346293835993089
1231345711268212737
1231344722834227200
1231344256679370752
1231343850381336576
1231343671041282048
1231342116674187265
1231341869109522434
1231341137367109632
1231341118949863424
1231340954088546304
1231340575980285952
1231340348661805057
1231340069853827074
1231339312249262082
1231338349589299206
1231338301212237831
1231337737158086659
1231336575793008640
1231335513010982913
1231333431302381579
1231332082384809986
1231330365337411584
1231330329237114885
1231330158088523776
1231329830093885440
1231329480884531202
1231328324338798592
1231328280709652480
1231328035032485890
1231327655951249410
1231327164777271297
1231326866805592064
1231326531332472838
1231325665221369867
1231324372671049729
1231323439794937856
1231323174094151681
1231323019538247680
1231322878215368704
1231321703986409472
1231321213542289408
1231321128058138625
1231321109196349440
1231320985946771457
1231320232192626689
1231320115242840064
1231319976839204866
1231319395617705984
1231319372955836422
1231319144039174151
1231318506693709824
1231317968598032386
1231317869629186049
1231317831482052608
1231317796799361025
1231317680902279168
1231317043418468355
1231315731955974150
1231313348660277248
1231312164465582081
1231311239042736128
1231310832233000961
1231310460861001729
1231309427321581569
1231309088857915393
1231308821651476483
1231308790345162752
1231308374001713152
1231307826733121537
1231307824627666950
1231307685070561280
1231307062367444992
1231306116954513408
1231305675843801090
1231305401225928706
1231305339515080704
1231304754208366595
1231304689846816773
1231304582187364352
1231303604386004992
1231303532797714433
1231303347417812997
1231300980278538250
1231300958619144194
1231300449367740416
1231299422228799489
1231299412636377089
1231299347192668162
1231298772874952705
1231298542385364994
1231297621727350785
1231297366378139650
1231297291723714567
1231297134575542272
1231296688171757568
1231296507334320130
1231295742544838657
1231295631353839621
1231295500063793153
1231294449906585600
1231294400514449411
1231294290384556032
1231294134293495816
1231292838605991937
1231292498594746368
1231291918283419648
1231291803640438785
1231290941249593346
1231290249390673921
1231290073121017858
1231289864244662272
1231289618521370626
1231288852637192194
1231288657006518272
1231287984391180288
1231287328963989505
1231287037791215622
1231286556234788865
1231286217028796416
1231285849477779456
1231285149771423744
1231285078644359171
1231284949967417344
1231284199132475394
1231283980072312839
1231283664312504320
1231283421030363136
1231282663346098178
1231282522522292228
1231282381568577536
1231282137862680582
1231281804801454086
1231281462361645057
1231280940263104515
1231280935963852800
1231280185628073985
1231280185196122112
1231279808111357952
1231279613940322304
1231278748223332353
1231278719626620929
1231278334149058563
1231277763748880385
1231277718454652932
1231277695759196160
1231277115003351040
1231276892755517440
1231276132726648832
1231275960227508232
1231275612599472129
1231275524858798081
1231275441333338113
1231274526844936192
1231274093464313856
1231273939088875522
1231273400271867905
1231273334651920384
1231273175905918977
1231273044150226944
1231272579752693761
1231272037685059587
1231271263890530304
1231270930606952448
1231270913326407682
1231270514678779904
1231270398270025730
1231270359367852034
1231270307052294150
1231269834069086208
1231269490350067714
1231269229434953728
1231268574938968071
1231268405447188480
1231268312694370304
1231268280167432192
1231268067608580101
1231267999811850240
1231267179468902403
1231266423726624768
1231266085275684866
1231265671742468103
1231265241574649857
1231264904268697601
1231263923539714050
1231263315923476484
1231262723113091072
1231262676447367170
1231262287006175232
1231261570996588544
1231261208411615232
1231260936524193792
1231260891938795520
1231260722501386240
1231260699659292674
1231259174551588870
1231259170717876224
1231258898868424705
1231257946937602050
1231257923390758914
1231257781350649856
1231257647858561029
1231257499082350596
1231257340009177089
1231257300515553285
1231257226196766722
1231256708086976512
1231255883411345408
1231255741719351296
1231255287857909760
1231255054579126273
1231254505490198528
1231254502898094082
1231254484724199426
1231253534664019968
1231253043771039746
1231253008983449602
1231251963632869377
1231251817675272192
1231250856097599488
1231250570914226180
1231250129740554240
1231249556576317440
1231249271497863169
1231249134717427714
1231248777975123968
1231248381252710402
1231248340588859392
1231248191674294272
1231247830401970176
1231247802128314370
1231247710910636032
1231247369100054529
1231247251063934979
1231247102401011712
1231246880438472704
1231246538040651777
1231246528356003840
1231245996090363904
1231245944286519297
1231245923696697345
1231245812753149952
1231245771850309632
1231245461748625408
1231245356828155904
1231245168306720768
1231245022793785346
1231244848793112577
1231244571201372163
1231244563735613442
1231244456982175745
1231244301402767360
1231244095038853123
1231243228852228098
1231242913327259648
1231242690429321219
1231242235011829760
1231242173129031680
1231242025070219266
1231241551814307841
1231240498645475328
1231240465657274369
1231240111083249664
1231240021111382016
1231239957194444808
1231239372227383296
1231239121877831681
1231238189022679040
1231238107732811777
1231237255932461057
1231236861928103937
1231236712782802946
1231236643576799232
1231236479390711811
1231236287375474688
1231236235575910400
1231235488335486976
1231235225193263109
1231234398391021569
1231233759997038592
1231233691654946816
1231233370014789632
1231233309721669632
1231233268898566144
1231233030842441728
1231232921249423360
1231231464647397376
1231231157720711168
1231231004137967616
1231230282197499905
1231230163742007296
1231230117571186688
1231229740721328129
1231229508310720514
1231229460801839104
1231229240152076289
1231228672436318210
1231228520036290574
1231228136433606662
1231227485423067136
1231227279377862656
1231226818214137857
1231226625632735232
1231226418136219648
1231225828668846080
1231225395787304961
1231225169705865216
1231224794823172097
1231224624559427588
1231224358280015879
1231223489140531202
1231223364242563072
1231223317006344193
1231222978039439360
1231222829208756228
1231222570248261638
1231221956428607493
1231219191778336770
1231218977935937538
1231218842229202946
1231217624802967552
1231217614686318592
1231217116361027584
1231216393913294849
1231216014026780678
1231215629165879298
1231215358939484160
1231214853559345159
1231214312296980480
1231209164367679490
1231208978442604545
1231208874998366209
1231208760347176960
1231208641115623426
1231208360407597056
1231207952993914880
1231207735896748032
1231207204960817154
1231207065525399555
1231206642525638656
1231205869100109825
1231205667786174464
1231203084921180161
1231203071759441922
1231201998856499200
1231201952022900736
1231201492029378561
1231201036196511744
1231200943888269314
1231200674618236928
1231200603394711553
1231199906519568385
1231198860053221376
1231198512961990657
1231196823047540736
1231195067790118913
1231194506785181697
1231194448715034625
1231194166664814593
1231192144276336640
1231191193737887744
1231190583655489537
1231190510708105217
1231190198312108032
1231189574459756544
1231189342107979776
1231189341617127424
1231189066391203840
1231187573583859712
1231186923143692288
1231185835187408899
1231184288760107020
1231184125161283585
1231183741902561280
1231183730133360640
1231182438363205638
1231182070099124224
1231181664384094208
1231181599733157888
1231181348112601088
1231180404654313474
1231180290825080832
1231180227361091587
1231179388143775751
1231179292572340224
1231179089937141762
1231178778212257792
1231178589149782016
1231178171535544320
1231177632106065921
1231177070539157504
1231176887147343872
1231176549191364608
1231176516828094464
1231176090070265857
1231175983169970176
1231175718337437698
1231174692960178176
1231174429583060994
1231174174116384768
1231173713229500419
1231173480797941767
1231173288140976133
1231173079809843201
1231173067738615808
1231171773049249792
1231171630686183429
1231170603861848065
1231170466146070528
1231170204958445568
1231170116404097026
1231169010709954560
1231168308998791173
1231167646047121409
1231167265837649920
1231167176507371522
1231166306453467137
1231166051494375427
1231165838511792128
1231165536295362561
1231165509426651137
1231165355869036544
1231165326236233728
1231164983280533504
1231164906709319683
1231163293517127680
1231163184599445504
1231163129494671361
1231162911478951936
1231161970398834688
1231160892005289984
1231160798489317378
1231160280803139584
1231159540265242629
1231159124634853376
1231158918719713282
1231158529182052352
1231158347249979392
1231157759078551552
1231157125390503936
1231156822310051840
1231156676990054402
1231156383426498560
1231155640275525632
1231155580930265088
1231155344631566336
1231154623068737536
1231154418143330304
1231153623792521216
1231153578368282624
1231153395572015105
1231152073946869760
1231151729502236673
1231151152517013505
1231150932735426561
1231148832622366720
1231146909806604288
1231146700213018624
1231146662149705728
1231146196024152064
1231145675875852288
1231145001570197504
1231143864808898560
1231142786939936769
1231142672468971520
1231141774023962625
1231141396293324800
1231139436458586113
1231139435087048705
1231139334604148737
1231139233253003264
1231139161920475136
1231138880021241856
1231134693187375105
1231134386877272065
1231133687107985408
1231133545143373824
1231133137087979529
1231131838032289793
1231130571163754497
1231130412623302656
1231129925970731009
1231128980532666368
1231128722251616256
1231128708142030852
1231127683871973382
1231123983145238533
1231123059584663560
1231122691677212672
1231121744624332800
1231121588596203525
1231120773210951680
1231119678807912448
1231119026413281281
1231117298464894976
1231117053945360384
1231116704333340672
1231116504982282241
1231115196191645697
1231115181763256320
1231114912098930689
1231114424494313473
1231113026947948544
1231112943917576192
1231112511480631298
1231112424364879874
1231112065097572352
1231111347640918016
1231110898716172288
1231110759981232128
1231110334955560961
1231109038013849600
1231106539554996225
1231105412662992896
1231104257455161351
1231102399005306880
1231101870673997824
1231098984304955394
1231095074689298434
1231093297332080640
1231091692582862848
1231090016899739648
1231088131690106880
1231085184520523777
1231084802289389568
1231083985234583552
1231083127772192768
1231082462727614464
1231082202915573760
1231081636189679619
1231075708832800770
1231071747673210886
1231071560162783234
1231066598439555074
1231048321407606786
1231044726645837824
1231043437820030976
1231041500072550400
1231030754706063361
1231030389050761216
1231028718824558593
1231024356169523200
1231022307314929664
1231021173175128067
1231014303299444739
1231013747554181123
1231012360149766144
1231365678378180613
1231365422936657920
1231364935751524352
1231363770171219968
1231360564506583040
1231358502515417088
1231358356675272704
1231358099539165184
1231357111235465218
1231356955308019720
1231355858925359106
1231355434260455431
1231354498993528833
1231353547586965504
1231352228168032258
1231348637512486913
1231347854008102912
1231345372955586561
1231344350585479168
1231344203264937988
1231343178898382848
1231340322317389824
1231339631133831168
1231335524113231872
1231334548992032769
1231333633673355264
1231332760817741825
1231332489349812234
1231332039078686720
1231331236880228358
1231330170130268167
1231328607718514688
1231328515523522560
1231327697655279627
1231327505782575106
1231326616489472000
1231325833291292679
1231324801584836608
1231323928624291848
1231322608152514560
1231322306716274694
1231321385429094410
1231320935506022400
1231319759687471104
1231318935825506306
1231318697635205120
1231318373662941185
1231318352137617408
1231316844671389698
1231315931399409664
1231315798318297088
1231315455509438464
1231315113996627968
1231313896998416391
1231313695692775424
1231313560074117124
1231312402353991680
1231312215996796929
1231311252909109248
1231310659591135232
1231310610476011521
1231309369784127489
1231309331276222464
1231308567464087552
1231307701260603399
1231307685234139139
1231307623695253504
1231306229999439872
1231305172686692356
1231305165929635840
1231305053006389250
1231304927290494977
1231304543985639424
1231304182617051137
1231303336810438656
1231303229339787264
1231301143285899265
1231300997726842880
1231300777748156416
1231300575012237312
1231300122149085185
1231299758486147074
1231299164765655040
1231299066807623680
1231298154370347010
1231297365505642498
1231296144443138049
1231295269087666178
1231294300828446720
1231292734666870785
1231291337716137990
1231287931073114114
1231287665531723776
1231286682068115456
1231286439364714500
1231286158979674113
1231285023556456448
1231284446827073536
1231284323132809216
1231284266396508160
1231283215891140608
1231282619251294208
1231282121123168256
1231280657134968833
1231280433704439809
1231279910615830529
1231279356988809221
1231278947930910727
1231278753310965761
1231277718987268097
1231277713534672896
1231277003258634244
1231276794759798784
1231276514802651139
1231275810302103552
1231275539975024644
1231275035681329155
1231274687675719683
1231272091028250624
1231271980093124614
1231271868608413696
1231271582322057216
1231270409229787144
1231269818650841093
1231268726571491328
1231268582199349248
1231267415494930435
1231267188385947648
1231266950715781126
1231266179823566849
1231263697521315841
1231262374155431937
1231262367595614213
1231262365695369217
1231262354723287040
1231262350675791875
1231262336570314753
1231262315254812672
1231262302290292736
1231262275664785416
1231262271722205184
1231367364656140290
1231364935751524352
1231363770171219968
1231360564506583040
1231358502515417088
1231358356675272704
1231357111235465218
1231356955308019720
1231355858925359106
1231354498993528833
1231353547586965504
1231352228168032258
1231348637512486913
1231345372955586561
1231344203264937988
1231340322317389824
1231339631133831168
1231335524113231872
1231334548992032769
1231333633673355264
1231332760817741825
1231332489349812234
1231329891951546369
1231328607718514688
1231328515523522560
1231327697655279627
1231327274642874371
1231326616489472000
1231325833291292679
1231325237662355458
1231324801584836608
1231324171696852993
1231323928624291848
1231322608152514560
1231321891710947336
1231321385429094410
1231320935506022400
1231319759687471104
1231318935825506306
1231318697635205120
1231318373662941185
1231316844671389698
1231315798318297088
1231315113996627968
1231313896998416391
1231313695692775424
1231313560074117124
1231312402353991680
1231311964401475585
1231311252909109248
1231310659591135232
1231310610476011521
1231309690858016768
1231309369784127489
1231309331276222464
1231308567464087552
1231307701260603399
1231307685234139139
1231307623695253504
1231306229999439872
1231305053006389250
1231304927290494977
1231304543985639424
1231303229339787264
1231301143285899265
1231300777748156416
1231300575012237312
1231300122149085185
1231299758486147074
1231299164765655040
1231299066807623680
1231298154370347010
1231297365505642498
1231296144443138049
1231294300828446720
1231293038707838981
1231292734666870785
1231291726997970944
1231291337716137990
1231290057392300032
1231287931073114114
1231287846889234439
1231287665531723776
1231286682068115456
1231286158979674113
1231286070928662534
1231285944558465025
1231285023556456448
1231284882816602114
1231284835328675846
1231284446827073536
1231284323132809216
1231284266396508160
1231283215891140608
1231282619251294208
1231282121123168256
1231280657134968833
1231280433704439809
1231280097707089920
1231279910615830529
1231279356988809221
1231278947930910727
1231278753310965761
1231276794759798784
1231276514802651139
1231275810302103552
1231275539975024644
1231275160088535040
1231275035681329155
1231271868608413696
1231271582322057216
1231270409229787144
1231269818650841093
1231268634686869506
1231268582199349248
1231267415494930435
1231267389398016001
1231267188385947648
1231266950715781126
1231266179823566849
1231262477951913985
1231367339452530688
1231366808516603905
1231366709250023424
1231366619265470465
1231366509697605633
1231366384057290757
1231366004833488896
1231365823735980032
1231365463206178816
1231365350211686401
1231365181206401025
1231364867795406854
1231364616799899649
1231363838722875392
1231363680824123392
1231363598955548672
1231363495658237952
1231363426657722369
1231363403807174656
1231363358575800320
1231363333103783936
1231363312929079296
1231363178757525505
1231363032430845952
1231362848523214848
1231362552178905091
1231362530578223109
1231362493425102857
1231362259626217473
1231361870570885121
1231361862622760960
1231361657915559938
1231361610616385536
1231361444094136320
1231361418538213377
1231361293162029059
1231361095857770497
1231360850214215681
1231360634232676352
1231360539797880832
1231360537776226304
1231360274902454272
1231360267302338560
1231360086070759427
1231359980743340032
1231359864154316802
1231359847951749121
1231359845435092993
1231359836631240704
1231359831262535681
1231359825973366789
1231359745321295873
1231359588022267906
1231359335487414273
1231359257720872966
1231359244802326529
1231359203597541376
1231359139483439104
1231359097536229377
1231358948424507392
1231358942204137472
1231358663467687941
1231358609684156416
1231358153515728902
1231358054442184705
1231357957037752320
1231357901068959746
1231357890767679488
1231357866839347202
1231357756612980740
1231357731363344384
1231357638023270402
1231357532205125636
1231357467948408837
1231357455323533312
1231357178855993344
1231357141673484289
1231356914488967168
1231356768464375808
1231356758083489792
1231356552721895426
1231356390922473475
1231356355329581058
1231356171103195136
1231356116879237121
1231355805636681729
1231355801727651841
1231355657200308225
1231355472185380864
1231355468511170560
1231355435891949568
1231355433916477440
1231355418577903621
1231355072854056960
1231355033184239616
1231354871808438273
1231354870210465792
1231354814405238787
1231354622255783936
1231354244382576640
1231354075695980545
1231354039394275330
1231354017957253128
1231354000672481280
1231353961854185474
1231353564943048706
1231352897004298240
1231352470535839744
1231352450025709570
1231352200615616513
1231352091135926272
1231352087252000769
1231351655268061184
1231351602335928320
1231351401978220547
1231351138898890752
1231350899601219586
1231350693421895683
1231350682340462594
1231350661452902401
1231350639155961857
1231350390379175937
1231350191028080640
1231349969396862976
1231349849469177863
1231349660712947714
1231349620531515396
1231349524364505088
1231349486078824448
1231349421067116545
1231349365127680000
1231349047342108672
1231349024348831744
1231349019856789505
1231348961430122496
1231348862830419971
1231348792013647873
1231348735818584064
1231348605845409793
1231348383719317504
1231348184502489089
1231348169063239682
1231348054063796232
1231347912183033858
1231347713935101954
1231347682721062912
1231347640773771265
1231347574847803392
1231347436318339073
1231347231380340736
1231347201688907779
1231347113054867457
1231347029701464064
1231346990350467073
1231346636636524550
1231346557141835776
1231346536321343491
1231346522085896198
1231346476602753024
1231346448148639751
1231346414262902784
1231346405496803329
1231346329735049217
1231346307962490884
1231346073878384641
1231345864460918784
1231345608327409665
1231345565486735361
1231345521740206080
1231345466517983239
1231345436931362818
1231345418656714765
1231345402198319104
1231345221780283395
1231345172182597632
1231344923191980033
1231344848059469830
1231344803255848962
1231344792132608005
1231344426506752000
1231344376799952901
1231344199972392960
1231344191680192513
1231343880160923649
1231343831506878474
1231343804327878663
1231343697943519232
1231343383131643904
1231343370120945672
1231343364919959558
1231343161353605122
1231343150498766849
1231342994181230592
1231342921384943624
1231342846248210438
1231342812391710720
1231342804078604290
1231342727390015488
1231342129395503104
1231341784829132804
1231341782736261121
1231341435741515776
1231341247886974976
1231341214529654787
1231341021059047430
1231340963177619456
1231340845602873345
1231340800228909063
1231340799679488000
1231340773301420035
1231340750258016260
1231340744050462721
1231340708495273985
1231340680112476160
1231340676350124033
1231340647614943234
1231340406010503170
1231340244127113219
1231340084995248130
1231339968079024133
1231339597021503488
1231339495632654353
1231339461985914880
1231339094929793030
1231339002466316292
1231338991208878082
1231338732357287937
1231338644218241025
1231338526777569280
1231338054301966336
1231338006684065794
1231337996126953472
1231337890275364864
1231337792233517057
1231337788970274817
1231337783668695040
1231337584032440330
1231337576268734467
1231337299704717312
1231337232121913344
1231337222978195456
1231337111602814976
1231336940663906306
1231336725437407232
1231336721238773761
1231336646773280768
1231336598874337280
1231336092210749440
1231336055506382848
1231335951454081026
1231335867849068549
1231335817249017856
1231335752128192512
1231335691071754243
1231335686562811904
1231335615641391110
1231335605872799744
1231335568220606464
1231335555335696389
1231335463992152064
1231335395411009537
1231335228305788929
1231335152430833664
1231335134152003585
1231335084357275648
1231335022738710529
1231334935169990658
1231334932502458369
1231334858322063363
1231334770933673986
1231334694244974596
1231334651987406849
1231334650771058688
1231334602490482688
1231334548572721152
1231334528721006593
1231334407283380226
1231334264496672768
1231334259065008129
1231334247606235137
1231334194690826242
1231334158766628869
1231334085085274113
1231334004080750593
1231333783934296065
1231333739357253633
1231333723292999680
1231333562118524930
1231333475464155136
1231333401820618752
1231333311492100096
1231333096483704832
1231332940317167623
1231332773572567041
1231332663061032961
1231332633709338627
1231332401411952641
1231332328154288128
1231332255714488321
1231331994832904193
1231331882375294983
1231331749759737856
1231331647435481095
1231331645325791233
1231331625423773696
1231331556351807488
1231331526303997954
1231331518422962177
1231331494301491201
1231331372591087617
1231331285521588224
1231331275404906498
1231331217062141952
1231331155527557121
1231331023679438848
1231330955367010306
1231330773736796161
1231330706334326785
1231330665242775566
1231330628802613250
1231330622364360705
1231330595722190855
1231330478583623680
1231330291584815105
1231330111355531264
1231330037808476160
1231329913376059395
1231329911765377024
1231329908208566272
1231329525000175617
1231329524320817152
1231329493454917637
1231329400114860032
1231329329612808192
1231329187614613514
1231329180060733441
1231329172112494593
1231329146556514306
1231329114147127297
1231328873058623488
1231328794025373697
1231328618435006466
1231328592434532353
1231328566056488962
1231328504450560001
1231328331565543429
1231327943919570944
1231327939863732226
1231327894351306752
1231327821420777472
1231327808758198274
1231327804454731777
1231327775824412673
1231327751937961984
1231327643326349314
1231327613102239744
1231327587202412550
1231327568365666304
1231327556831449089
1231327552863555585
1231327388866424835
1231327313725460483
1231327240790646786
1231327198549807104
1231327075585396739
1231326980886466560
1231326874200137733
1231326764351266816
1231326656557723650
1231326585703346176
1231326575796408325
1231326532754432000
1231326498000384001
1231326475649003521
1231326467780481031
1231326291254763521
1231326222858231808
1231326049281200128
1231326039495921665
1231325952644395008
1231325718887444480
1231325691746168832
1231325603284103171
1231325597042954241
1231325396597121027
1231325243014340608
1231325238169915393
1231325047756853249
1231324958636290048
1231324883428179980
1231324755170488320
1231324616871890945
1231324604217667586
1231324318866575367
1231324144685506561
1231323882809851904
1231323848802521089
1231323819329105922
1231323800584835074
1231323796595990529
1231323722428145664
1231323527732744198
1231323250640195584
1231323229639335936
1231323183963308033
1231323160060059658
1231323138463588352
1231323049347158016
1231322938185601024
1231322828638707712
1231322568864489478
1231322520533557248
1231322505039818755
1231322500354670592
1231322482197463041
1231322334054801409
1231322307102224384
1231322240299520001
1231322212822593536
1231322211648184325
1231321915442286592
1231321852305383432
1231321852301250561
1231321798526095360
1231321646465724416
1231321644209246208
1231321596511637509
1231321596213780481
1231321377027829765
1231321327849627650
1231321066095751168
1231320882511011840
1231320726755577856
1231320632442396672
1231320590633644032
1231320579741036544
1231320502146392071
1231320454398464000
1231320437717643266
1231320365072289792
1231320293551083520
1231320238731485185
1231320227796922371
1231320203759357953
1231320135190884352
1231320040990965761
1231319812967665664
1231319685678936065
1231319645812076546
1231319560344788992
1231319464806932480
1231319447866138624
1231319420380831745
1231319291406036997
1231319212242751494
1231319207532515329
1231319176721108999
1231319000946270215
1231318929588523010
1231318869727424518
1231318802618572801
1231318429753364480
1231318389387399168
1231318375193808898
1231318356483100674
1231318318042243072
1231318294940069889
1231318164656590849
1231318119043551233
1231318049111887872
1231317894287458305
1231317886154805249
1231317822841786368
1231317768198328321
1231317503084826625
1231317485288292354
1231317480238395394
1231317432888786944
1231317421954420738
1231317407374991360
1231317391583383552
1231317372453167104
1231317349048946688
1231317346926710785
1231317319588118528
1231317257050935296
1231317250944032768
1231317177103454208
1231317045532295168
1231316928511324162
1231316902154264576
1231316749833949184
1231316603297566720
1231316443079282688
1231316366302621696
1231316235574554624
1231316052497358848
1231316015470071808
1231315720061014016
1231315675752402945
1231315502078840838
1231315473100394497
1231315399104483329
1231315305823178753
1231315292178931712
1231315291449233408
1231315283240988672
1231315258897305600
1231315233010016256
1231315218204110848
1231314967367909377
1231314852976758784
1231314813613047809
1231314789152051200
1231314719274872834
1231314587368251393
1231314443788804097
1231314335722541061
1231314326818041857
1231314287660015616
1231314192218624006
1231314084362096640
1231314057350742019
1231314048861560832
1231313906611736578
1231313842296303621
1231313755188887552
1231313641124835328
1231313606396063744
1231313436912619523
1231313290682404864
1231313140354297857
1231313137812594689
1231313134893379584
1231313132578099201
1231313068644294656
1231313000755277824
1231312947613401089
1231312914792972288
1231312892366028800
1231312871432347650
1231312818407952384
1231312770831876097
1231312622261350407
1231312549028732928
1231312525993611272
1231312342916399107
1231312251753259011
1231312158253776896
1231311918985547778
1231311914187268096
1231311841047011329
1231311764463276032
1231311675518836736
1231311380147470337
1231311366000168961
1231311332965785600
1231311265374580737
1231311233338552322
1231311131056185345
1231311117420462082
1231311048034181123
1231310958766776320
1231310731594866689
1231310717032292353
1231310635360759810
1231310483715756034
1231310457211932677
1231310241922535426
1231310136280539137
1231310127980064770
1231310125018886144
1231309969011728386
1231309929593626627
1231309762341593095
1231309722550226944
1231309604577071110
1231309556510265344
1231309487644069889
1231309362632765440
1231309345549422595
1231309296371163136
1231309187159937024
1231309089201889282
1231309026732003329
1231308919953395713
1231308902316331008
1231308790177374208
1231308743595511808
1231308738360827904
1231308603212140544
1231308525424476161
1231308484471410689
1231308478486122496
1231308326287347712
1231308241893838848
1231308060108435456
1231307828368936962
1231307827429494785
1231307777743740929
1231307755048374274
1231307731006607360
1231307703240347649
1231307674349948929
1231307653869195264
1231307572445089792
1231307561640570880
1231307388797509632
1231307372607479808
1231307355763154944
1231307298955501569
1231307220706570240
1231307218110291968
1231307138196213766
1231307130340347905
1231306980419080192
1231306924324466692
1231306736012873730
1231306656002248704
1231306600356470793
1231306590663401481
1231306573382811651
1231306293714882561
1231306228615262211
1231306223586336774
1231306194884714506
1231306141185060865
1231305951681974272
1231305915170729985
1231305780688818177
1231305744911343617
1231305630092267524
1231305500312162305
1231305448814411777
1231305368875257856
1231305272179724290
1231305198162849792
1231305192177651713
1231305006055383045
1231304941949587457
1231304881392230402
1231304442676416520
1231304416583614464
1231304386451824640
1231304341962752000
1231304324812345344
1231304320735424520
1231304306562781184
1231304295359959041
1231304262250004489
1231304076467539968
1231304052409085953
1231303970787921920
1231303764339982336
1231303731452530688
1231303617870692352
1231303510718808065
1231303497485709312
1231303339188662272
1231303303885205507
1231303277217603584
1231303081528373248
1231303048724668417
1231303033386086400
1231303001937252352
1231302990767759362
1231302941602131968
1231302897243238401
1231302874321367040
1231302861163843590
1231302651293261824
1231302411613917184
1231302379330572288
1231302355271979008
1231302177513181187
1231302174501679105
1231302068507488257
1231301937569697792
1231301734657593344
1231301722028548101
1231301649173549061
1231301471616016390
1231301436736233472
1231301432780972032
1231301403206967298
1231301392498921472
1231301341747830785
1231301328439271426
1231301314321231874
1231301231970263040
1231301177385590786
1231301108418699266
1231301097207320577
1231300858677223424
1231300834195124224
1231300793057320960
1231300747771498497
1231300706155536384
1231300635527700481
1231300591181275137
1231300422096302080
1231300405373669389
1231300322070532097
1231300301258395649
1231300261823569920
1231300212968378368
1231300183742468096
1231300026711846912
1231299997754384387
1231299911330750466
1231299909808205825
1231299715368726531
1231299704497025027
1231299567699795969
1231299513345880066
1231299455351214080
1231299323310284800
1231299277638553603
1231299162328772608
1231299078136487946
1231299045240516608
1231298982850256899
1231298729317191681
1231298650770415619
1231298638652964864
1231298511808888832
1231298472583847939
1231298387254882306
1231298178470772736
1231297901730652163
1231297857946300418
1231297841764675584
1231297747531247618
1231297672952401926
1231297659740282880
1231297657211146241
1231297319221497857
1231297311185174529
1231297253538701312
1231296997958803456
1231296938710065154
1231296659172265985
1231296640558018561
1231296463378026496
1231296393404440581
1231296353244008448
1231296313981046791
1231296118664892417
1231296084477140995
1231296016017690624
1231295916956581894
1231295524390809600
1231295456698916867
1231295340088889345
1231295126762291200
1231294877255819266
1231294812378345472
1231294778165383169
1231294453509431304
1231294412048732161
1231294312815656965
1231294043658825728
1231294039334572034
1231293968786305024
1231293803278917632
1231293611595177988
1231293369189617667
1231293305083830273
1231292980914511873
1231292976086867969
1231292973570240513
1231292699015286785
1231292638734798849
1231292628433436672
1231292619185061891
1231292586482163713
1231292570971627520
1231292535299084289
1231292526436417536
1231292371867963395
1231292280272818176
1231291761986764803
1231291746144964608
1231291696736067584
1231291626120785920
1231291512752889856
1231291465894113280
1231291288147890178
1231291183609110528
1231291152575365120
1231290938640695297
1231290725507239936
1231290655164510209
1231290497961996289
1231290470346698752
1231290366214725632
1231290320933019648
1231290290260103172
1231290279967297538
1231290034252341248
1231289780467617792
1231289712159182850
1231289669779890176
1231289463361409024
1231289460920377344
1231289391034839040
1231289315902316546
1231289164148232198
1231289103053926401
1231289094698868737
1231289070812323840
1231288991036649486
1231288984447455232
1231288602669264896
1231288587812995072
1231288557702189063
1231288486117945349
1231288350499311617
1231288311244869634
1231288274037215235
1231288133821571072
1231288034047471619
1231287994243584000
1231287841503797248
1231287777465192448
1231287664911036416
1231287644426035200
1231287610548592640
1231287563169738753
1231287403832336385
1231286942244966403
1231286894790664192
1231286859898216450
1231286785721892864
1231286774221152258
1231286692633554944
1231286580930727936
1231286496822530048
1231286429994684418
1231286002200797192
1231285898500804608
1231285869274902528
1231285662684471299
1231285576281862145
1231285561442422784
1231285246676606976
1231285169870512129
1231285075641323527
1231285053835153408
1231284960746754048
1231284915620237313
1231284816508792832
1231284801199624194
1231284657200795648
1231284537600159744
1231284468096303105
1231284462673186816
1231284368859189248
1231284081972973575
1231283938041253888
1231283813751410690
1231283786836365312
1231283668561383425
1231283618925940736
1231283451862691841
1231283376855883777
1231283161310560257
1231283151231737861
1231283141198974976
1231283123779985409
1231283113990467584
1231282861745065984
1231282856481128449
1231282813078515718
1231282801510666240
1231282684929990659
1231282592110071808
1231282562040913920
1231282508328849409
1231282503597674499
1231282365839835139
1231282286445940738
1231282243718479876
1231282228535144450
1231282212487737344
1231282181932232709
1231282174101458945
1231282169395458048
1231282119768510465
1231282078014197765
1231282077108142080
1231282077020098560
1231281788561108996
1231281673385496577
1231281645547732992
1231281627944321024
1231281564765609985
1231281514337292288
1231281431734882304
1231281424528965634
1231281288780435457
1231281287404584962
1231281075294523394
1231281024002412544
1231280986291363840
1231280978418638850
1231280971397378049
1231280807144251393
1231280741763424256
1231280717046390786
1231280698750906369
1231280626369736712
1231280561760735233
1231280314691051520
1231280268067123200
1231280111246331904
1231280108650082304
1231280041662783488
1231280000982224896
1231279835626065922
1231279760069812225
1231279716264546305
1231279576690700294
1231279553248714754
1231279542867841025
1231279482188828676
1231279456746135553
1231279372021248001
1231279132048314368
1231279043498016768
1231278939336855554
1231278863319289858
1231278700861128704
1231278679302557696
1231278520854306817
1231278510850953217
1231278489296408576
1231278328788725763
1231278229207617539
1231278151118004225
1231278041831178240
1231278009602265090
1231277847181959170
1231277480037748737
1231277358432366592
1231277208569819136
1231277173656276992
1231277069033771015
1231276797582553088
1231276714711560194
1231276624529805312
1231276613796585472
1231276413778583552
1231276409030631426
1231276360884215808
1231276304340836353
1231276015583887367
1231275971472510976
1231275925549015040
1231275875708162049
1231275819605151745
1231275778287054853
1231275605049651202
1231275544110608385
1231275490402557953
1231275421372731392
1231275404817813512
1231275391974809600
1231275331765579777
1231275325578981377
1231275309338710016
1231275252493275140
1231274974171869184
1231274852281192448
1231274770869690369
1231274648605732864
1231274501561896964
1231274352173338629
1231274012958953473
1231273845878861825
1231273836856803328
1231273698746945537
1231273681550266368
1231273446706941952
1231273195392708609
1231273181509496833
1231273075238473728
1231273039922450432
1231273002618232832
1231272948604002305
1231272948247470080
1231272935819792387
1231272770811703296
1231272750309953537
1231272657158623234
1231272616603869185
1231272575495475200
1231272215980716032
1231272058325217280
1231271989786140673
1231271645354102785
1231271523891269634
1231271438189039620
1231271309042208768
1231271219816693760
1231271142998118400
1231270996767911942
1231270802584195073
1231270741427003393
1231270725950021633
1231270709097312257
1231270627715244032
1231270625295192065
1231270371929788418
1231270274403913730
1231270268481474562
1231270216203735040
1231270097735471105
1231270042588852224
1231270025434206208
1231270021063684101
1231269977388441600
1231269954021920771
1231269907427405826
1231269892185378816
1231269500193996800
1231269473870655491
1231269259763949574
1231269121058377729
1231269050619174912
1231268890816151552
1231268827356418048
1231268660058247168
1231268648880410625
1231268489001869312
1231268456110153729
1231268203873144832
1231268152790650881
1231268147841372163
1231268145329004546
1231268140195209216
1231268132926492672
1231268132066594817
1231268024637935616
1231267831750287360
1231267739391623170
1231267630398484480
1231267619250036736
1231267547686805504
1231267511091519488
1231267317696299010
1231267167750033408
1231267125156859906
1231267111412039680
1231266995867439105
1231266751679205377
1231266663330439168
1231266662487351297
1231266480723038208
1231266398585917440
1231266281887805441
1231266261662916610
1231266233368096768
1231266097304932358
1231266089914568704
1231266085166571520
1231266044892844034
1231266031492091904
1231265924600258562
1231265782790840327
1231265729690972160
1231265720941600770
1231265685566894095
1231265556944347136
1231265483267149826
1231265470189391873
1231265397271388160
1231265242497331204
1231265172565696512
1231264967694987271
1231264809771032576
1231264757942018050
1231264693723029504
1231264550755995652
1231264477691117569
1231264342584299521
1231264200258924545
1231264109049544704
1231264049607925761
1231263820909359105
1231263691133407234
1231263565232984066
1231263500900716544
1231263459284746246
1231263244653711360
1231263203621048326
1231262976398766080
1231262898284044288
1231262764288618512
1231262607325192194
1231262491017195521
1231262443235614728
1231262210762190851
1231262119586344960
1231262111348776960
1231262107624230912
1231262069548294145
1231261932797165568
1231261927126511617
1231261853071872001
1231261852295991297
1231261851146735619
1231261831248928773
1231261825116909568
1231261821971156992
1231261772574871552
1231261653347401730
1231261482618363907
1231261441933660168
1231261363005263873
1231261327936688137
1231261276975882246
1231261108339642369
1231261086353182720
1231261075313655808
1231260836435517442
1231260745263915011
1231260546290405376
1231260474580373505
1231260185273999361
1231260123919716354
1231259950657286150
1231259913848008706
1231259870030106624
1231259863243726854
1231259798361997313
1231259641528623104
1231259614471172098
1231259556262662145
1231259444639604738
1231259399416664064
1231259365551767555
1231259346207756288
1231259330982404097
1231259182860513280
1231259170235731970
1231259118989709314
1231259066401480705
1231259058390360065
1231258947946008577
1231258870133264385
1231258843725860868
1231258792639238147
1231258791699795969
1231258737605738497
1231258676947824640
1231258671428120580
1231258648195846144
1231258610300178432
1231258578075475968
1231258474799083520
1231258471326199813
1231258441173303297
1231258434424713216
1231258402493550592
1231258372420202498
1231258322789191680
1231258281840201728
1231258254405140481
1231258193130639361
1231258173664743424
1231258079498506246
1231258074717052931
1231257951299678209
1231257949177167873
1231257941778583552
1231257750526713856
1231257745866797057
1231257655336931334
1231257453255430145
1231257406853861376
1231257381973131264
1231257293527900160
1231257249252872193
1231257187743420416
1231257159213686785
1231257104595476481
1231256740144001024
1231256719646482433
1231256557905731584
1231256524728741890
1231256488695541761
1231256340410007552
1231256302644596736
1231256286785949698
1231256222097182720
1231256212873805824
1231256200160980993
1231256064605085696
1231256050550157313
1231256010624512002
1231255964667564040
1231255835503996928
1231255743724236801
1231255724740706305
1231255705878921222
1231255558876991488
1231255556196851713
1231255445534318595
1231255410423652352
1231255347203133440
1231255296405835778
1231255230408536069
1231255185013510146
1231255084568322048
1231255046295367680
1231255025659371521
1231254999784656902
1231254946378604549
1231254894801227781
1231254843450372103
1231254823976128513
1231254823649054725
1231254726626496515
1231254678748487680
1231254611132063748
1231254561672876032
1231254480005537793
1231254464822116352
1231254464230776833
1231254394638917632
1231254300787122177
1231254258382786560
1231254033098248192
1231254013074604034
1231253930539126784
1231253929213792257
1231253927166971907
1231253881662955520
1231253698363437057
1231253623620997122
1231253571829673984
1231253555111178241
1231253551969644544
1231253518071345152
1231253497695305729
1231253376408727552
1231253323543654400
1231253225224966144
1231253157616979968
1231252926334504960
1231252890360197123
1231252828787658753
1231252815873544194
1231252801386356736
1231252779500478464
1231252750249361409
1231252547098247173
1231252535773745152
1231252478345334784
1231252449106780164
1231252333314662400
1231252326427570176
1231252090330189824
1231251984063266817
1231251868917157889
1231251703711838211
1231251692521508869
1231251666915221506
1231251637890682880
1231251634023432194
1231251629602676736
1231251606500495361
1231251553220255744
1231251540582727682
1231251482126815232
1231251428452306945
1231251418453086208
1231251262483697664
1231251250420834304
1231251171014299651
1231251025383682048
1231250995201691652
1231250932542922753
1231250931746033665
1231250852381327360
1231250847620829185
1231250832525414400
1231250762874880001
1231250746550734850
1231250650085969921
1231250631433781248
1231250605357879298
1231250599099981832
1231250589251706881
1231250537254916096
1231250526215573507
1231250240977723394
1231250231506894854
1231250145813106688
1231250106529329152
1231250058500173824
1231249889507631105
1231249864203362305
1231249803906076672
1231249752953671680
1231249739112275968
1231249653414400000
1231249619650146305
1231249526402551808
1231249513060487170
1231249385759088641
1231249294537232386
1231249293543190528
1231249159061200900
1231248959978471425
1231248878227402752
1231248702444052481
1231248549175652352
1231248532473991170
1231248532461543424
1231248225652355080
1231248214533300224
1231248134313062401
1231248118802415620
1231248116583628801
1231248009125662720
1231247893060706305
1231247787783868416
1231247782540910592
1231247781911781377
1231247778967425026
1231247430278144001
1231247403161935872
1231247333125427200
1231247307053551616
1231247288422584321
1231247236216115205
1231247160793952256
1231247081140080641
1231247053717671937
1231247044456714247
1231246995932753921
1231246941494927360
1231246899883204608
1231246713626791938
1231246708157353985
1231246685294276608
1231246588594589696
1231246578490454019
1231246569955110913
1231246530822262785
1231246506147172353
1231246503441768450
1231246439084367878
1231246417504690176
1231246393097977857
1231246367315628032
1231246364538998785
1231246190668402689
1231246092903297030
1231246025115000832
1231246016453775366
1231246002838999040
1231245927891062784
1231245871657996290
1231245869753798658
1231245828263751682
1231245809720659969
1231245797251067907
1231245762694172673
1231245666590035968
1231245660898328577
1231245483340898304
1231245475233386497
1231245449459326976
1231245419491053568
1231245345037914112
1231245276310056961
1231245229140955142
1231245125390651393
1231245115773071360
1231245115009662976
1231245062065082370
1231245033942192129
1231244819747524609
1231244721613398019
1231244710456545281
1231244672053469190
1231244597449367554
1231244489701896192
1231244365940580363
1231244141863956480
1231244133169352704
1231243949748211712
1231243670881525764
1231243650098749440
1231243626757443586
1231243586966081539
1231243558633582592
1231243348071108609
1231243265791234048
1231243255808917506
1231243245641924609
1231243227526647808
1231243203619237888
1231243149856645121
1231243141220532225
1231243112690987009
1231242951537364994
1231242933283753985
1231242841810141185
1231242731328098304
1231242580890877954
1231242563056783365
1231242489509679109
1231242488180039682
1231242460682235904
1231242423340339200
1231242410262515712
1231242268717338625
1231242258302656514
1231242252908998657
1231242057710284801
1231242050563190784
1231241881788600321
1231241857159614467
1231241660790644736
1231241496403357696
1231241258376585218
1231241245298692099
1231241242878599169
1231241182568730626
1231241075442016257
1231241074552819713
1231241039874269184
1231241026142179329
1231240905534976001
1231240848798560270
1231240739427844097
1231240647136423936
1231240351874211841
1231240351547084803
1231240283473534976
1231240278297763841
1231240151873048579
1231240117605556228
1231240084629925890
1231240055525695488
1231240021119840260
1231239836507557891
1231239832652918784
1231239773370667008
1231239704491831297
1231239585319018501
1231239576615870465
1231239547704442885
1231239546672680960
1231239496538173442
1231239493954555904
1231239493279272961
1231239444935651329
1231239341424422915
1231239082539388930
1231238946463637505
1231238807636365313
1231238748198916096
1231238743127973888
1231238697313542146
1231238606435553289
1231238414911102977
1231238386310111234
1231238216004653058
1231238114691166208
1231237975738134528
1231237896516112384
1231237892061749248
1231237883408809986
1231237795139739650
1231237681469906946
1231237651128356864
1231237636058165248
1231237555632427008
1231237430428172289
1231237304217460739
1231237121953890305
1231236964789211137
1231236919314591745
1231236843032776704
1231236707481214976
1231236645485240321
1231236611423318016
1231236568683368455
1231236517508603906
1231236427586981888
1231236400567214081
1231236382473048064
1231236262364925953
1231236106735276033
1231235970714013696
1231235949222195207
1231235937386029056
1231235924937363456
1231235879018147840
1231235847363710978
1231235842347274240
1231235830989152257
1231235759673356288
1231235718812442626
1231235699384471553
1231235637191335942
1231235601103564800
1231235600390352896
1231235555381436416
1231235478248181767
1231235443020222465
1231235439966720000
1231235345754345480
1231235276439199746
1231235030984413185
1231235011115933698
1231234996628840449
1231234953163214849
1231234915028566017
1231234914395316224
1231234781196800000
1231234588560805889
1231234586434207744
1231234511364657154
1231234365205684226
1231234340748701697
1231234330158125056
1231234303679516677
1231234236255997952
1231234222825918464
1231234204811366400
1231234192404602880
1231234151099109376
1231234048682610690
1231233944550592512
1231233859674628096
1231233797104054272
1231233754913480705
1231233514663751681
1231233480689901568
1231233449425547270
1231233334631706630
1231233181602533378
1231233127735005184
1231233070176620544
1231232997631971330
1231232761274519554
1231232747924008960
1231232601949601792
1231232518638252032
1231232437264486401
1231232423750447105
1231232365554470912
1231232237879857153
1231232225175375875
1231232223141146624
1231232193348980739
1231231920522047488
1231231803387764736
1231231784320425984
1231231768646295552
1231231745195945990
1231231733535772673
1231231689805979648
1231231562718597133
1231231419550228480
1231231418904301584
1231231338847653888
1231231140104675336
1231230920398688257
1231230917546475520
1231230896029782016
1231230722482024448
1231230664063823872
1231230555901087744
1231230309569646595
1231230085442801664
1231229921785237507
1231229860187688966
1231229654482247681
1231229633984548864
1231229612644032517
1231229600119902210
1231229490589773824
1231229438429282304
1231229362227335168
1231229254660239363
1231229157927014400
1231229112859189248
1231229073814413314
1231228871296638978
1231228692489285633
1231228629528567809
1231228623836807169
1231228570678239232
1231228486834106369
1231228421834989569
1231228296924422155
1231228182403207169
1231228085267304449
1231228048302891008
1231227752746975232
1231227688251219975
1231227657397862400
1231227602704179200
1231227593711636480
1231227543946244096
1231227536341901319
1231227441357692930
1231227319169290241
1231227308150808576
1231227271916249089
1231227043955826689
1231227013572198403
1231226982861549568
1231226889844543491
1231226887587934208
1231226866184400896
1231226599128866816
1231226559266217985
1231226500378132482
1231226396032155648
1231226337672802304
1231226275349565440
1231226264146628609
1231226204604321799
1231225723286949889
1231225711291027456
1231225661475434497
1231225592336523265
1231225588205129729
1231225551362371584
1231225511654887425
1231225433133326338
1231225382793306113
1231225362958471168
1231225354464956417
1231225353655463941
1231225308508016640
1231225127142088706
1231225059655766016
1231225035085504513
1231224973295046657
1231224854763974656
1231224790872096778
1231224789613805572
1231224757783273472
1231224691999887361
1231224634068082689
1231224631325057024
1231224626006634498
1231224624806952963
1231224624710639618
1231224540006690816
1231224440756764676
1231224261228007427
1231224094743502849
1231223806225719300
1231223727687376897
1231223678542594048
1231223646498295808
1231223572183601154
1231223569692200960
1231223449181392897
1231223328913969154
1231223271812673543
1231223251340316672
1231223176790781952
1231223153445232640
1231223117013487616
1231223022356508672
1231222941263835136
1231222860594778113
1231222842970267648
1231222716117737473
1231222706026184704
1231222683624464384
1231222627152343041
1231222565512843266
1231222414283100160
1231222367629856768
1231222347719376896
1231222281894088710
1231222173873975297
1231222100779819009
1231222055892332545
1231222055665885186
1231222031573798913
1231222030030299137
1231221800232783872
1231221758453338117
1231221757413072898
1231221673661280256
1231221621517582336
1231221474050158599
1231221468974977024
1231221451820294144
1231221451728052226
1231221425996009472
1231221417234124801
1231221314427506688
1231221192041943041
1231221138795245568
1231221124144541699
1231220992716017670
1231220981655535617
1231220978681876480
1231220926827638784
1231220816148357121
1231220744799035393
1231220714323116032
1231220656278310912
1231220601542598657
1231220562837590018
1231220458072289283
1231220436115038208
1231220312328613890
1231220228207599624
1231219970832523265
1231219727403552768
1231219722676514822
1231219715395198977
1231219670293725190
1231219624852762625
1231219567009071104
1231219549204287488
1231219419310891009
1231219403439640577
1231219389015433216
1231219301887234049
1231219277891592195
1231219187877580800
1231219180038389761
1231219178075545605
1231219174988550144
1231219112971558912
1231219106252148742
1231218872440819714
1231218729834422273
1231218546010656768
1231218497549676544
1231218484798947331
1231218407724417025
1231218348131790848
1231218326656995329
1231218200081248257
1231218122281148417
1231218079604117504
1231217969486802944
1231217954143993858
1231217889480511494
1231217633263001600
1231217609716256769
1231217566825185280
1231217537939070977
1231217389578194944
1231217346938798080
1231217327024287745
1231217321538211841
1231217261068931072
1231217240978153472
1231217213689991170
1231217166948741120
1231217138167406593
1231217135940198400
1231217096400527361
1231217085575024640
1231217077811392512
1231217044617605126
1231217034568097792
1231217004847214594
1231217000120229890
1231216986484625410
1231216953928404993
1231216944059158528
1231216836215296000
1231216827163926531
1231216821073842176
1231216691524358146
1231216634720923649
1231216464885174272
1231216461575749633
1231216461382852609
1231216423046959104
1231216414456995840
1231216409168031744
1231216368487366661
1231216224094343170
1231216162467405826
1231216155903365121
1231215968946475008
1231215961451225089
1231215935714971649
1231215924805586950
1231215717929889792
1231215711563001856
1231215703715389446
1231215677803040768
1231215570944741378
1231215487117352960
1231215388177960961
1231215356410200065
1231215311598366723
1231215263955156993
1231215189623791617
1231215071793037312
1231215046077952000
1231215033704685568
1231215006307450881
1231214785133449216
1231214784139407360
1231214710126714884
1231214695295651840
1231214503079137280
1231214355175428096
1231214334497476608
1231214278931251201
1231214097896742914
1231213981664235520
1231213832388960257
1231213662175715330
1231213592059445248
1231213530298318849
1231213523608444928
1231213429458919425
1231213424773914624
1231213398051954688
1231213344616517632
1231213337335255040
1231213232112664577
1231213171664474114
1231213066316021766
1231213037035626496
1231213009474916352
1231212854629588992
1231212792029548544
1231212544062377984
1231212429704597504
1231212397316202498
1231212235143421953
1231212162791682048
1231212158731608065
1231212157624311810
1231212123843330048
1231212077269819392
1231212013684174849
1231211998949584897
1231211891290247168
1231211772402708481
1231211699946106880
1231211675396734977
1231211474514776064
1231211445582430208
1231211416453099520
1231211379991990279
1231211261062504449
1231211185275535365
1231211151888932864
1231211113485938691
1231211012730347522
1231211003645485057
1231210977389092864
1231210853032026112
1231210779736727552
1231210778528813056
1231210668315103239
1231210638933975043
1231210580234686465
1231210468821413888
1231210449103998977
1231210252072374276
1231210220594089984
1231210151077666816
1231210125878288384
1231210059658649600
1231209965710389251
1231209902334410753
1231209796201861120
1231209708406681600
1231209684733976576
1231209557793353728
1231209414964711425
1231209166917730305
1231209152518787073
1231209112186343424
1231209100039671809
1231209049573797888
1231209041784922112
1231208997165903872
1231208981705744385
1231208904102744064
1231208702268641284
1231208648581558273
1231208588418437121
1231208552158683138
1231208478070517760
1231208327310454786
1231208136020824065
1231208099215704064
1231208017221255171
1231207676161527808
1231207657626796033
1231207510863941632
1231207495504363521
1231207404995567618
1231206893525307392
1231206432248336384
1231206312656166916
1231206018769616896
1231205954492026881
1231205944673161223
1231205915124228096
1231205854428508167
1231205750325829636
1231205692356399105
1231205408439783425
1231205327040851968
1231205276130381824
1231205266034700288
1231205200049950723
1231205075059646465
1231204901641785344
1231204812009754630
1231204613518503937
1231204588377853952
1231204288292163584
1231204255559753728
1231204232059068417
1231204170306408455
1231204119152594946
1231204053822197761
1231204037938249728
1231204033119031303
1231203947437842436
1231203893612290049
1231203624463802368
1231203593971273728
1231203397350588416
1231203187362844674
1231203073114198017
1231203068148092929
1231202984727580673
1231202975793713153
1231202964062208000
1231202811527991296
1231202811154702336
1231202744784039936
1231202582649024512
1231202580933443584
1231202473777549312
1231202473093816320
1231202418194554880
1231202308920352769
1231202305065803777
1231202239580123141
1231202167488483328
1231202149637464064
1231202089357004801
1231202062857375744
1231202058012852225
1231202047363616768
1231201975640952832
1231201952702386176
1231201909651931136
1231201881977913344
1231201784577826818
1231201649533837313
1231201551911391234
1231201227683352578
1231201205050843136
1231201186579132418
1231201117440225280
1231201077955039234
1231200769002680320
1231200749306159106
1231200715315478528
1231200715118403585
1231200468531077121
1231200389720104960
1231200255452090368
1231200206538117120
1231200019321180160
1231200016087126016
1231199946222768130
1231199864651964421
1231199832150335489
1231199708196036609
1231199600800870405
1231199563375161344
1231199553543712768
1231199474590060544
1231199466851405824
1231199423956496385
1231199367614410752
1231199303697387520
1231199266099617797
1231199190514126849
1231198906878431233
1231198868085317638
1231198824955338758
1231198700237656064
1231198657061556224
1231198611725312004
1231198477998346240
1231198476526129154
1231198420209143808
1231198114821935105
1231198098829041664
1231198091199598592
1231198072140640256
1231197988590116867
1231197976179154944
1231197937612546048
1231197839147065345
1231197814455259136
1231197797963247616
1231197796319072257
1231197783387860993
1231197776354140160
1231197696108769280
1231197652655759360
1231197590944919552
1231197587383996421
1231197505746067456
1231197502596141057
1231197495562293250
1231197392369786881
1231197310476005376
1231197142322118656
1231197142229962753
1231197023518498816
1231196965918167040
1231196911484489729
1231196911035506690
1231196815040663552
1231196792554954752
1231196663777284097
1231196636849811457
1231196561113329665
1231196532076163072
1231196513088483330
1231196486098178049
1231196379319603200
1231196295496425474
1231196196942815237
1231196118815592448
1231196090197839872
1231196039291506689
1231196038616223744
1231195973168377856
1231195909314293761
1231195904058806274
1231195880025448448
1231195666493444096
1231195631034740742
1231195624793628672
1231195562046894080
1231195479565914112
1231195456610471936
1231195455238942726
1231195447936634880
1231195407738380288
1231195253169934338
1231195248791097344
1231195156730306561
1231195133795848193
1231195090271580161
1231195060101898240
1231195035141623809
1231194990472241159
1231194988794564613
1231194836293869568
1231194825195761664
1231194821559226368
1231194780148744192
1231194714449305600
1231194608543117313
1231194513047216128
1231194426879434753
1231194408386727937
1231194353529491458
1231194343094005760
1231194276245180418
1231194241122160641
1231194027611115520
1231194022791860224
1231193932949868544
1231193871067033600
1231193559748968450
1231193441985585153
1231193411111342082
1231193385966460928
1231193350671421440
1231193161135001600
1231193116297678848
1231193100497887233
1231193096744030208
1231193056910561282
1231193010878152705
1231193002804117505
1231192977801990144
1231192807404122112
1231192734784008192
1231192640273756160
1231192628881973249
1231192593670852608
1231192443749617669
1231192433549021184
1231192327634460673
1231192284022046721
1231192235401711616
1231192099057491968
1231192071412867072
1231192028031176705
1231192008670220289
1231191965057847297
1231191940034703360
1231191879519293443
1231191780852469760
1231191734601895936
1231191725542191105
1231191632827031553
1231191588656861185
1231191572106141699
1231191455387062272
1231191380401311745
1231191373551984640
1231191324843442176
1231191236763148288
1231191211043622912
1231191208946544642
1231191177099202560
1231191173261225985
1231191046903779328
1231190989659942915
1231190955816079360
1231190941534281728
1231190860580184064
1231190827868860416
1231190774378835974
1231190731513049088
1231190680942366720
1231190650772688898
1231190611111415810
1231190597672804355
1231190543675293696
1231190526617096193
1231190499274510336
1231190463505469440
1231190453644648450
1231190350074712065
1231190171279818753
1231190065541414914
1231190030036717570
1231189967885492224
1231189900940267520
1231189887136796673
1231189840986869772
1231189645683298309
1231189514619514880
1231189491613827075
1231189481396539394
1231189457166094336
1231189265066930176
1231189262470696961
1231189258288930816
1231189216530489344
1231189163539599360
1231189087157211137
1231189028956971009
1231188966206005249
1231188958383570944
1231188946190815232
1231188866843004928
1231188783623802882
1231188765164658692
1231188735175294976
1231188666409783296
1231188665625391104
1231188642409992192
1231188599707701250
1231188573489188865
1231188570750078976
1231188527586607111
1231188379842248704
1231188337836404742
1231188102070272001
1231187960013479936
1231187890471919617
1231187850139443202
1231187825430847489
1231187765972348928
1231187737744695297
1231187620862070787
1231187618106421248
1231187610984472576
1231187601417285632
1231187584312905728
1231187497935417346
1231187460274696194
1231187447737917441
1231187419686428679
1231187368268517376
1231187358449635328
1231187267160543233
1231187260562788352
1231187185212252161
1231186977262796800
1231186976486895617
1231186943494541312
1231186898359595008
1231186796123500544
1231186793648836609
1231186772358463491
1231186770227843073
1231186727320117248
1231186552316928001
1231186535543910401
1231186531450335232
1231186310922149888
1231186249932820481
1231186235856691201
1231186147973517316
1231186100384927744
1231185977927966726
1231185969086423041
1231185915642568705
1231185907748950016
1231185784042070018
1231185764979019776
1231185724654989314
1231185668623261696
1231185657764155394
1231185564025659392
1231185548385161216
1231185525027065857
1231185499244638209
1231185492806393856
1231185438590849024
1231185392180875265
1231185384123531265
1231185378977230849
1231185356583821312
1231185278687227915
1231185245950676992
1231185211267977216
1231185164300177409
1231185123229306880
1231185104808169477
1231185101360332801
1231185094460788737
1231185035207806976
1231184948868132864
1231184844752904192
1231184806500880384
1231184794442137601
1231184772250116097
1231184751572213760
1231184646576246786
1231184633016061954
1231184574497148930
1231184414144696325
1231184390887235584
1231184388685225987
1231184326961876993
1231184002209525760
1231183913189593093
1231183892129996800
1231183878376820737
1231183866322395136
1231183794532687874
1231183726824087554
1231183717323956225
1231183716673781761
1231183681177505798
1231183631609192449
1231183624537546753
1231183531709206528
1231183486037311488
1231183447697260545
1231183372329811970
1231183261369602048
1231183219149721602
1231183194776535040
1231183090879541248
1231182981630496768
1231182930103406594
1231182898428096512
1231182897987629057
1231182895273971713
1231182853427335168
1231182630256881664
1231182602226356224
1231182509469315073
1231182491643412480
1231182463172567040
1231182370348380169
1231182288920207362
1231182254891839488
1231182216534904832
1231182183060078597
1231182166366785536
1231182164944924672
1231182076239634432
1231182075962720264
1231182048406228992
1231182002147282949
1231181938762899456
1231181768709066753
1231181659405537281
1231181655949398019
1231181575469117440
1231181563238535169
1231181531588317185
1231181405058670594
1231181331259969538
1231181289123913728
1231181265216339969
1231181239194996736
1231181186904592384
1231181052074483712
1231180875125141504
1231180823661072384
1231180788017893376
1231180767839039488
1231180679905447937
1231180658044739584
1231180549844279297
1231180535944417282
1231180523193720833
1231180464737660930
1231180438217089025
1231180308571131904
1231180265743114240
1231180265520758784
1231180244868005889
1231180188416868360
1231180161153789953
1231180114010001408
1231180043772157955
1231180014214881281
1231179993826365442
1231179986448650240
1231179944383913985
1231179928999165952
1231179818265387009
1231179803434176513
1231179730839318529
1231179587402420224
1231179535854587904
1231179518527856640
1231179412164501505
1231179389540405248
1231179240248311808
1231179224687546368
1231179203074306048
1231179180194267141
1231179081825374209
1231179081405943808
1231179037072072704
1231178886467244033
1231178805835960321
1231178693676085249
1231178688932335617
1231178547068317701
1231178542140076032
1231178523836063745
1231178492978614281
1231178473089183744
1231178310308241408
1231178293048758272
1231178256579166208
1231178137180016640
1231177973593759746
1231177970552909824
1231177948692144129
1231177947073122305
1231177834753691648
1231177761361932290
1231177657615822850
1231177568780509184
1231177539856424960
1231177487725580289
1231177445572784128
1231177425020694533
1231177293298589696
1231177191511281664
1231177182589964288
1231177105972563968
1231176828221579264
1231176795199856646
1231176725897392128
1231176533252984832
1231176304231407617
1231176219250626561
1231176138208239616
1231176018213425152
1231175938563596288
1231175867247841280
1231175829842997248
1231175712486428675
1231175651157213184
1231175614327132160
1231175599688908800
1231175579455643648
1231175557309763584
1231175491001999361
1231175453077098497
1231175422680780802
1231175374018666496
1231175255416332289
1231175171467120640
1231174964243509248
1231174946925223936
1231174794906947584
1231174776179318784
1231174713147318272
1231174713117958144
1231174693182459904
1231174674622578688
1231174673775415296
1231174610164633601
1231174587750191105
1231174507496386570
1231174498361257984
1231174486801747969
1231174460046217217
1231174427796234243
1231174362797084673
1231174284363681792
1231174275786211328
1231174216877314049
1231174207771480064
1231174191350714368
1231174004284821504
1231173974760939520
1231173911469076480
1231173871186907137
1231173847333974016
1231173721005666305
1231173658317594624
1231173621189693441
1231173498564943873
1231173398685986817
1231173369661468673
1231173179999211523
1231172973333221376
1231172852709285889
1231172851698487297
1231172826549432322
1231172812552970240
1231172707347320833
1231172616305676288
1231172574689865728
1231172526300114945
1231172392522854401
1231172382011875328
1231172329490780161
1231172289770786816
1231172289594560513
1231172285706493952
1231172275216551937
1231172182996287493
1231172079380238337
1231171916423143426
1231171859741278208
1231171779378515979
1231171756771160064
1231171708352110593
1231171672180436992
1231171669248659458
1231171633773195265
1231171475727622145
1231171435118440448
1231171238547972098
1231171184605192192
1231171122990866432
1231171057979207680
1231171039406755842
1231170998919147520
1231170908296863744
1231170880287449088
1231170848322707456
1231170823270150146
1231170760414072832
1231170721910546432
1231170616583172096
1231170518121951232
1231170413281075201
1231170316556292097
1231170262571372545
1231170032283070464
1231170016797745152
1231170010447536128
1231170008295837696
1231169901554999298
1231169869124657152
1231169711083225088
1231169406887243778
1231169338461347840
1231169285025882112
1231169216583229440
1231169211030016000
1231169141425483778
1231169088526995456
1231169019148894208
1231169009518858240
1231168999922315265
1231168999083429889
1231168979516952576
1231168971635908608
1231168671600562176
1231168552943656960
1231168444961378304
1231168439127027712
1231168424006553600
1231168342557261824
1231168257136173056
1231168245786402822
1231168147547475969
1231168116216025088
1231167929640771590
1231167915883474945
1231167882874249218
1231167805892055041
1231167776418562048
1231167761331687425
1231167755136720896
1231167660790030336
1231167529906769921
1231167469307465729
1231167291678580736
1231167245583355909
1231167135919038466
1231167105241931777
1231167078956240896
1231167053555519493
1231167048908189697
1231167005060890624
1231166894717181953
1231166889474351104
1231166882570493957
1231166769684893696
1231166618392236032
1231166598007967746
1231166542269886464
1231166519851331584
1231166513828257792
1231166489375494145
1231166471297957889
1231166465937682432
1231166409331429376
1231166350355247104
1231166305182547969
1231166287033880576
1231166240007360519
1231166053587312644
1231166045395849216
1231165981168459777
1231165957537751042
1231165915087147009
1231165884648968193
1231165856908005376
1231165808937775105
1231165770723360769
1231165762968133632
1231165754466279424
1231165727291387905
1231165674573238273
1231165584051712000
1231165573964365825
1231165519908286464
1231165481781993472
1231165318665515009
1231165161588822016
1231165153116291072
1231165141015834624
1231165068173283328
1231164919694929921
1231164825704783877
1231164670142287874
1231164417695518720
1231164363471540224
1231164355489738752
1231164339647864833
1231164313957797888
1231164296585007104
1231164292096983041
1231164247939395584
1231164193824542720
1231164175834963968
1231163974827356161
1231163921156968448
1231163871471316992
1231163808275730434
1231163772359700480
1231163699383144449
1231163674909454336
1231163669750390785
1231163624611352576
1231163575525429249
1231163458617585664
1231163414057226240
1231163373179559936
1231163326497017856
1231163271920660480
1231163124004401152
1231163095818653697
1231163039271002113
1231162885524639744
1231162837508198403
1231162782554427393
1231162744419897344
1231162668754534400
1231162623573549058
1231162618519441408
1231162589671018496
1231162406589652993
1231162378638831619
1231162301669085185
1231162255586316288
1231162249978564608
1231162144516984832
1231162130633760768
1231162113563004933
1231162112770179072
1231162110966738944
1231162095007420416
1231162009208619008
1231161933497274368
1231161893219446785
1231161891013222400
1231161889222205440
1231161862722588672
1231161803381624832
1231161758812966913
1231161654693572608
1231161465052241920
1231161388804038656
1231161170188554240
1231161160407437312
1231161070582145026
1231161066534645762
1231160868316078080
1231160831955623937
1231160748610662400
1231160739638980609
1231160609254842368
1231160524815175685
1231160510290198529
1231160474819006466
1231160327049482240
1231160287572697088
1231160258560741377
1231160234456092672
1231160232027545600
1231160224721100801
1231160212335271936
1231160186909446145
1231160022018772992
1231159931694436352
1231159887343882240
1231159880154832896
1231159792422588417
1231159772151459840
1231159535215300608
1231159497848246272
1231159490441076737
1231159463912050690
1231159435025842176
1231159381468672000
1231159055437180928
1231158768001437698
1231158715316932610
1231158694169235456
1231158639425183744
1231158599541493762
1231158542905815041
1231158464031993857
1231158463675486209
1231158455244861440
1231158315155181568
1231158279952203778
1231158222549024769
1231158208556863488
1231158146124713984
1231158034174500865
1231158025404239872
1231158019028930561
1231157935566245889
1231157885100527618
1231157828657827840
1231157801474502662
1231157778149990400
1231157731630948352
1231157581537796096
1231157503620210694
1231157442546982912
1231157259377442817
1231157234459119622
1231157178138054657
1231157172232507392
1231156970931081216
1231156947539439616
1231156936625786881
1231156925607354368
1231156856007073792
1231156838244044800
1231156837300473857
1231156780484440064
1231156779607842816
1231156682908106752
1231156680810881025
1231156623391023106
1231156576955838464
1231156480096833537
1231156383011217408
1231156378510774272
1231156303764086785
1231156285439082498
1231156221471789056
1231155884140556288
1231155776602943488
1231155718293684224
1231155701961105408
1231155527805210624
1231155477658075136
1231155355692019712
1231155348058275842
1231155336033247233
1231155304781369344
1231155284602650625
1231155133804896258
1231154987968925703
1231154971472736258
1231154907945848835
1231154806854647808
1231154733827661825
1231154663061250048
1231154545226649601
1231154521625309184
1231154503136706560
1231154477308182529
1231154455401369600
1231154402247008256
1231154376812699648
1231154375147610114
1231154238086144002
1231154188219899910
1231154077607788544
1231154068799840257
1231154060092420097
1231154035396431873
1231153982183264257
1231153962470006784
1231153908233461760
1231153877514379264
1231153830399762432
1231153761164447744
1231153710283272196
1231153703845056512
1231153665051955204
1231153595602567168
1231153550945812481
1231153499431243776
1231153495727857664
1231153471723884545
1231153457777631232
1231153364852989952
1231153277716312065
1231153256673443840
1231153218689826816
1231153133830725638
1231153057431539712
1231153009901678592
1231152750790090755
1231152628471603202
1231152626206728192
1231152625497911296
1231152622784172032
1231152611845398529
1231152474699907072
1231152449198739458
1231152272270295040
1231152151881117696
1231152029587906560
1231151986420191232
1231151863543816192
1231151860217765893
1231151784418213889
1231151656718536706
1231151541156896768
1231151302694068224
1231151204392226816
1231150960212398080
1231150824442793985
1231150659933597696
1231150653113864192
1231150509987450882
1231150435974754305
1231150355054055424
1231150338599718912
1231150219867410432
1231150218080608257
1231150216109285377
1231150160564060161
1231150156747345921
1231150122131709952
1231150121334845441
1231150066171359233
1231150039977930755
1231150006654185475
1231149872981479425
1231149863393546241
1231149745009307648
1231149728001294338
1231149697408143361
1231149669067128832
1231149540935372801
1231149539391934464
1231149504759504896
1231149474535411712
1231149387151220736
1231149356092399618
1231149262521733121
1231149257924775936
1231149136293978112
1231149083785486336
1231148988956631041
1231148887366176768
1231148886577774593
1231148840377618432
1231148801362219011
1231148738653061120
1231148721750102016
1231148718809911298
1231148571652739079
1231148533346193413
1231148315816988672
1231148301078212608
1231148281822142464
1231148249471471617
1231148199756386305
1231148125458509826
1231148091568463872
1231148070735208448
1231148021943033856
1231147955886882817
1231147914845720576
1231147895627419648
1231147879592583168
1231147877688233984
1231147864497278976
1231147632904605698
1231147623278620674
1231147620661329922
1231147582224818176
1231147523429093376
1231147375542009856
1231147311931305984
1231147268616708096
1231147203114045442
1231147128782757891
1231147112571772928
1231147108268494849
1231147088534212608
1231147087221477377
1231147030644477952
1231146999845617664
1231146997748568066
1231146991427751936
1231146985975156736
1231146976131080192
1231146937300201480
1231146934276063232
1231146927246409732
1231146926772494336
1231146861307756544
1231146809516490754
1231146696622723073
1231146600552161280
1231146568696369152
1231146563436675072
1231146531895611392
1231146411959496704
1231146297660497921
1231146266551312384
1231146235303792646
1231146213879230464
1231146162633236480
1231146014016491521
1231145985864323072
1231145938737147904
1231145837146845184
1231145652433903622
1231145523320631297
1231145498104430593
1231145466131361799
1231145419775893505
1231145380273905666
1231145122311458816
1231145002396504064
1231144976014331904
1231144898365095936
1231144885887143944
1231144840022429697
1231144739631747073
1231144731020812294
1231144689736220672
1231144683927195648
1231144673755967493
1231144629724205061
1231144522467303425
1231144487260430336
1231144464418254848
1231144420772327430
1231144410982879232
1231144388895608836
1231144123740151808
1231144074322874369
1231143891543494659
1231143807439298560
1231143755664830466
1231143633585352712
1231143576505135105
1231143348095897601
1231143347777146881
1231143272103522306
1231143180831219712
1231143155715710976
1231143111545540609
1231143086610419712
1231143037948121089
1231143012744515584
1231142938631122947
1231142698175909888
1231142487412047873
1231142353601269760
1231142155978186758
1231142082737209344
1231142065368596480
1231141949098397696
1231141939598237696
1231141908069732354
1231141799399428102
1231141760006361088
1231141754310709248
1231141667035545600
1231141620193615872
1231141578166722560
1231141565604802560
1231141468691148800
1231141468225581056
1231141384352079872
1231141043963387905
1231141040297566209
1231141031321583616
1231141020047413258
1231140873485914112
1231140857849565184
1231140851335811072
1231140779457961984
1231140749116411906
1231140621722816512
1231140589468618752
1231140556526555136
1231140520220676097
1231140319124578307
1231140314141859841
1231140259322306560
1231140119744327681
1231140092804239360
1231140074588397568
1231140043777040384
1231139989205012480
1231139804328452096
1231139803665772545
1231139782283202560
1231139724334653440
1231139706366238720
1231139496038748161
1231139453051125761
1231139452006825986
1231139428648833026
1231139336093081601
1231139280518623232
1231139269969956867
1231139203641159680
1231139121130852353
1231139114461822976
1231139091347132417
1231139016050913281
1231139010346651648
1231138973461905408
1231138970857242625
1231138951945216001
1231138933779705856
1231138904398430208
1231138902179708928
1231138831811911680
1231138736806809601
1231138725024976899
1231138722940379136
1231138702694518784
1231138631697469440
1231138595634864129
1231138513149669376
1231138464621527040
1231138451334057984
1231138438524497920
1231138393301622785
1231137878757052416
1231137875347017729
1231137823383748608
1231137804077453312
1231137798108913664
1231137730928750592
1231137696367751169
1231137663039746054
1231137564943409152
1231137527379177472
1231137359086989312
1231137285091053568
1231137268523569157
1231137257857437696
1231137257567981570
1231137190358454273
1231137148142788608
1231137081893834752
1231137012209639424
1231136974213439488
1231136963639611392
1231136930215055360
1231136919427387392
1231136871905927168
1231136745405722625
1231136716678991872
1231136683422294016
1231136671405682688
1231136590661066752
1231136532054134786
1231136428991664129
1231136420565323777
1231136413703426048
1231136405679636482
1231136348997898240
1231136307407212544
1231136176817528837
1231136040687210496
1231136025768071169
1231135911917891584
1231135886034767873
1231135782104190977
1231135672490233856
1231135593851215872
1231135575631110144
1231135460862328832
1231135413865238528
1231135364078866434
1231135306574966784
1231135281916542976
1231135258491445248
1231135190606544897
1231135147174617088
1231135134335873025
1231135115612434434
1231134973484244992
1231134924041805824
1231134895319265281
1231134873559195648
1231134671355949056
1231134659653795841
1231134610500804609
1231134206568411136
1231134181259870208
1231134161819226113
1231134083583029250
1231134028260167680
1231133753398919170
1231133529477505025
1231133397235519488
1231133381691367424
1231133369720655873
1231133343355428864
1231133339622498306
1231133247607902208
1231133064065175552
1231132950953185282
1231132857982234624
1231132774217768961
1231132604855934983
1231132573725790208
1231132535335346176
1231132524186865664
1231132479802793986
1231132389444898821
1231132297459572736
1231132184016302082
1231132030353727488
1231132014465736704
1231131992898654211
1231131885822193665
1231131879899881472
1231131754364383233
1231131633564160001
1231131606628392961
1231131498386010113
1231131464026202113
1231131411274444800
1231131147209494528
1231131090141818882
1231131018515619840
1231131013222457349
1231130941592162304
1231130913855229952
1231130901964259328
1231130797706489856
1231130788328022016
1231130558442409984
1231130477836328960
1231130394927517696
1231130232230490112
1231130207072944131
1231130203147120640
1231130190270562304
1231130157982867456
1231130148038115328
1231130103817670658
1231129966605193216
1231129830579671040
1231129826943209478
1231129805002854400
1231129724077924352
1231129684072632321
1231129597477040136
1231129576685920256
1231129540778430465
1231129473506041856
1231129457848659968
1231129413745549312
1231129410302042114
1231129390144217088
1231129327812694021
1231129265829138432
1231128988782878720
1231128960572043269
1231128925151076352
1231128905379143680
1231128818292854784
1231128726710235136
1231128522057494530
1231128500276473856
1231128422165798912
1231128412175183872
1231128261683556352
1231128165587791877
1231128157417299969
1231128110025846784
1231128060575076359
1231128054006763521
1231127980631568384
1231127922758619149
1231127890097508352
1231127817146060801
1231127439818006528
1231127421761531913
1231127317516292098
1231127260993916929
1231127233005142017
1231127183890034697
1231127078273200129
1231127025571782661
1231126958152601600
1231126841030856704
1231126826619006977
1231126683069173760
1231126601389236224
1231126459089113088
1231126452369797120
1231126210056523776
1231126114224852993
1231126031060348928
1231125884419092480
1231125795684409349
1231125781146996737
1231125632769306624
1231125381408686081
1231125289700339712
1231125171702059009
1231125032442769408
1231125021957017600
1231124805979639808
1231124773348007936
1231124531995185152
1231124383814557696
1231124375342112768
1231124358480957441
1231124308170289158
1231123905437368321
1231123853813911552
1231123646007119872
1231123632837070850
1231123488808763392
1231123411679764480
1231123359829811201
1231123254162710528
1231123130560761860
1231123079688003584
1231123015418732544
1231122973471465473
1231122944031629312
1231122833956384768
1231122752209334272
1231122719057596417
1231122695401676801
1231122688913047553
1231122479764123648
1231122449779085313
1231122418812555264
1231122360033533952
1231122346729189377
1231122321215283205
1231122097902059521
1231122067589943297
1231121618124099584
1231121592979271681
1231121422199775232
1231121369674534912
1231121336845553664
1231121292847439872
1231120959127592961
1231120547699884032
1231120467433533440
1231120321807126535
1231120238042894341
1231119941887287296
1231119770956845056
1231119636445499392
1231119629017321472
1231119595051855872
1231119545596891137
1231119515548823554
1231119507785207808
1231119201479335936
1231119127743467521
1231119102359592960
1231119044293484544
1231118989683757056
1231118968573906946
1231118917147545600
1231118628000608257
1231118593934479361
1231118566889529345
1231118516356603909
1231118490645356546
1231118425986125824
1231118344624971776
1231118110800982017
1231118076659355648
1231117906030874630
1231117741274357760
1231117691261509632
1231117686005997568
1231117676489117697
1231117625469669377
1231117567261073408
1231117528937717760
1231117490907942914
1231117405948194816
1231117399069544448
1231117376776736768
1231117374583164930
1231117342362537985
1231117238595473408
1231117034571911168
1231117028167163905
1231117006306496514
1231116932973244417
1231116920113582080
1231116712180961280
1231116655293587456
1231116551081713664
1231116291563565056
1231116263558172672
1231116208562266112
1231116100487786496
1231116087217082369
1231116008330612737
1231115842668109824
1231115832224370689
1231115830416547840
1231115779833257984
1231115702200913920
1231115701064208384
1231115561318395905
1231115329591443463
1231115189745004544
1231115147483242498
1231115094144299009
1231114782964666368
1231114722336018432
1231114716577181697
1231114619047096320
1231114602760560640
1231114546523394048
1231114523106476032
1231114354495541249
1231114248211832833
1231114132608503813
1231114066904649728
1231113988940976133
1231113988118863872
1231113889301041152
1231113747227447296
1231113443152932864
1231113344578473984
1231113147819450369
1231113141444059137
1231112992202403841
1231112986133237761
1231112950779392000
1231112929593872384
1231112878750609409
1231112867681906688
1231112804888915968
1231112783141441536
1231112576592990208
1231112339199578112
1231112282068750336
1231112166515912706
1231112039075942401
1231111920356352000
1231111893705728000
1231111853348134912
1231111768807702528
1231111761996238848
1231111715611463680
1231111688184791040
1231111617384980482
1231111549554696193
1231111513735335938
1231111496861655040
1231111487810260992
1231111460950073344
1231111448828530690
1231111392796856321
1231111379081281536
1231111310500401158
1231111289885331458
1231111164354011136
1231111159077580801
1231111152375095296
1231111092828540929
1231111079742312448
1231110944413143040
1231110864675254272
1231110852251615232
1231110814247071745
1231110630918230017
1231110381449498624
1231110150993448960
1231110008240328704
1231109819429457920
1231109813138075649
1231109777511649280
1231109716195119109
1231109700437135361
1231109588663009281
1231109490755371008
1231109490130538496
1231109232017186816
1231109216322060288
1231109107169529856
1231108824733560832
1231108710350643200
1231108214705606661
1231107935989829633
1231107802283769856
1231107765030064128
1231107545735012352
1231107527493877766
1231107332572053505
1231107283502891014
1231107058839248897
1231106988177682432
1231106882770817024
1231106752864833537
1231106609914486786
1231106514762575872
1231106390632079360
1231106094753337344
1231106063992270849
1231106012221976576
1231105878163587072
1231105870228054016
1231105847905980416
1231105619396087814
1231105557219741696
1231105483211255808
1231105473480404992
1231105430757281792
1231105236623818752
1231104972168802304
1231104955240636417
1231104766320791552
1231104738835550208
1231104468017532929
1231104305890856960
1231104152819945472
1231104043814150145
1231103934288289794
1231103928319782913
1231103772472070144
1231103749818589184
1231103660907728897
1231103363309285376
1231103340836196352
1231103290441641988
1231103002628456449
1231102990553157632
1231102938359255040
1231102737988956160
1231102633630478336
1231102577242181633
1231102459701080064
1231102375156469761
1231102107551485953
1231102076232589313
1231101941469589506
1231101746812014593
1231101634786340864
1231101387670462464
1231101327893258240
1231101135316037634
1231100961013346305
1231100945083379713
1231100749360267264
1231100448125308930
1231100325353938945
1231100281976492032
1231100090523308033
1231099947627548672
1231099616130674688
1231099608450945024
1231099576360341509
1231099390552690688
1231099291982319616
1231099288601661440
1231099163368153090
1231099126479237121
1231099054886703104
1231098677592297472
1231098640950800384
1231098636118958080
1231098478882951168
1231098443420065792
1231098378995499009
1231098278860771328
1231098110115557376
1231098020986523652
1231097925113143296
1231097846318788609
1231097380365381633
1231097308500176896
1231097110264795136
1231096972318322691
1231096657716092934
1231096307273564162
1231096281944252418
1231096070886821888
1231096014628519936
1231095994533720065
1231095921154437120
1231095787502886913
1231095673468149760
1231095668023971840
1231095542303936513
1231095519906127872
1231095499312304128
1231095446761852929
1231095392873394176
1231095385889878016
1231095281342545920
1231094985740734464
1231094940370903040
1231094913615486976
1231094797093478400
1231094703996768256
1231094532252618752
1231094410269667328
1231094319194558465
1231094318389243905
1231094144073945090
1231093921440305152
1231093887080574977
1231093879182647296
1231093591415644160
1231093132806230016
1231092871517761536
1231092763770474497
1231092702764306432
1231092550230052864
1231092549668024321
1231092499961327619
1231092448052551680
1231092167763951618
1231092163884265472
1231092101351399424
1231091815815708672
1231091771700064256
1231091751210901504
1231091627642499073
1231091606616526849
1231091462948913152
1231091191824965632
1231091165308559360
1231091164876546048
1231091160078331906
1231091048404918272
1231090977508601856
1231090863100628992
1231090598444183562
1231090472199839744
1231090430009397248
1231090381766393856
1231090361533190144
1231090338841976833
1231090263843536896
1231090254028738560
1231090091222851584
1231090016228651009
1231089963711762433
1231089868652064768
1231089840118210560
1231089727111073792
1231089515474890752
1231089463692070914
1231089402073493505
1231089205520064512
1231089173152649216
1231088720025133057
1231088595496296448
1231088532321685504
1231088341359235072
1231088337806659584
1231088282718658560
1231088194831167488
1231088177823260672
1231087822754504704
1231087803812974593
1231087694266163201
1231087466410659840
1231087101954883590
1231086970148917249
1231086745082527744
1231086627864399874
1231086570150776832
1231086554883543045
1231086485417451520
1231086453616082945
1231086263685582850
1231085795068477441
1231085623819358213
1231085561575804928
1231085551685689345
1231085484027215873
1231084671280328704
1231084255771492352
1231084234435186689
1231083984978837504
1231083926082510853
1231083640014196736
1231083408379514882
1231083249830703105
1231083208344772608
1231082986336129025
1231082701890953219
1231082686976053249
1231082301196570624
1231082186138411008
1231082015493165058
1231081717655576576
1231081469596119040
1231081315778355202
1231080578918866945
1231080448303992832
1231080150302941184
1231080131332132864
1231079964998541312
1231079832706015232
1231079816100749313
1231079780692504578
1231079701873078272
1231079247038550016
1231079206509056001
1231078978502496257
1231078692765470722
1231078641720864768
1231078606312497152
1231078437588291585
1231078414615969793
1231078337201790977
1231078307942281217
1231078274945687552
1231078025028087810
1231077944656879617
1231077701697622016
1231077333630623744
1231077084241518593
1231077025999396864
1231076940041326603
1231076933976256513
1231076915395604482
1231076803202052096
1231076649531248640
1231076414482505733
1231076370823991296
1231076340071358466
1231076159426875392
1231076057417162752
1231075830962495489
1231075758669475840
1231075743477702656
1231075572916379648
1231075350089695232
1231075329445371905
1231074760374747137
1231074497492594688
1231074387492823040
1231074371873230848
1231074370396839936
1231074136488923136
1231074082269081600
1231073642290827264
1231073554407600128
1231073516637700097
1231073388095057920
1231073042052403200
1231072945293971457
1231072864968806400
1231072837462560768
1231072793267183616
1231072735897346048
1231072310217650176
1231072227799556097
1231072139815550976
1231071774583988225
1231071585987112960
1231070914080628736
1231070818337247232
1231070418406166529
1231070400525848578
1231070347883094016
1231070163727998978
1231069854968446977
1231069682121289728
1231069610839093249
1231069345788366848
1231069193656848384
1231069029051326464
1231068961938100225
1231068552498761733
1231068425570725888
1231068406260097032
1231068050436362240
1231067754201067520
1231067589775908864
1231067493273346048
1231067484691804160
1231067367783968769
1231067346342686720
1231066923321962496
1231066838907465728
1231066798616825856
1231066744652955648
1231066357552287744
1231065819028873216
1231065817812537344
1231065603357716481
1231065458176118784
1231065368602578944
1231064830028787713
1231064765658693632
1231064547974406149
1231063909878161410
1231063863338110981
1231063769461202944
1231063713534398464
1231063652230455296
1231063632018116609
1231063563227164673
1231063359740686336
1231063355911233536
1231063336722280448
1231062735481397249
1231062188736925696
1231062152259219456
1231061977478451207
1231061958629220352
1231061627673464832
1231061495557033984
1231061481384337408
1231061211690786816
1231061166811729921
1231061046162526208
1231060965157941249
1231060544725168129
1231060146740174850
1231059854976045061
1231059631805472768
1231059283090997248
1231058985224212482
1231058931079839744
1231058764788359169
1231058694047256576
1231058582684229635
1231058302995484672
1231057579381526530
1231057303023030274
1231057245011615745
1231057142918078464
1231056790235860992
1231056120245997569
1231055968349364231
1231055714052911105
1231055630737301505
1231055444996710401
1231055372330377217
1231054782053453825
1231054611252940806
1231054406638080000
1231054031948255232
1231053790759002114
1231053789018370053
1231053547690655744
1231053521082109952
1231053509627449345
1231053341100130304
1231053139266150400
1231053119179673603
1231053064125239297
1231052685237014528
1231052584074518529
1231052532484628480
1231052500087836673
1231052392671698944
1231052143022338049
1231051641996169217
1231050984203288578
1231050698185420800
1231050693156450311
1231050680577728512
1231050495009185793
1231050111725264896
1231050109670117378
1231049406780203008
1231049216623087616
1231049175544008706
1231049172540850177
1231048983906324480
1231048574672261120
1231048501800263680
1231048181053558785
1231047937599442944
1231047397536600064
1231046169444397056
1231046075970195456
1231046028427657216
1231045940338921473
1231045938384236544
1231045075557371904
1231043458971906048
1231042990866673664
1231042677061431297
1231042367085563906
1231042230502199296
1231042191587512320
1231041991108067328
1231041856085069826
1231041625343905792
1231041300725731328
1231040806011777024
1231040370714324998
1231040057731096583
1231039853816614917
1231039792542081025
1231039077761376261
1231038931992547328
1231038854150447104
1231038728921063424
1231038642950418432
1231038626030587904
1231038276020011008
1231038237591965696
1231037992833253376
1231036746353213441
1231036720289865728
1231035602067390464
1231035599349571585
1231035544110608385
1231035240333946881
1231034893213356032
1231034620889702400
1231034304022577152
1231034297521491969
1231034274842804224
1231033647257587718
1231033577401409536
1231033403799220229
1231033378939555847
1231032879951511555
1231032836280463365
1231032792659701762
1231032757423308800
1231032282154139648
1231032226696941574
1231032064654229504
1231031853550854144
1231031806075404289
1231031501724307456
1231031254210007040
1231030787492974592
1231030616046653441
1231030569141665794
1231030180925333511
1231030119873024000
1231030011752255494
1231029735351898113
1231028970516336640
1231028723887091712
1231028274177957889
1231027523456290816
1231027522529353729
1231027348016914432
1231026643747168257
1231026546497990662
1231025772346957824
1231025581497757696
1231025451717582848
1231024332236840965
1231024294710448128
1231024291359186944
1231024215962288128
1231024187818565634
1231023939440271360
1231023870917971970
1231023841838796802
1231023570081525764
1231023102701776897
1231022942101876740
1231022878004568069
1231022564471922688
1231022487800090624
1231022357126557697
1231022200808988672
1231022167590043649
1231022131821105156
1231022115983364096
1231021852509843456
1231021733773225988
1231021394017779712
1231021337512226816
1231020870136717313
1231020868358352896
1231020828747345921
1231020781943083008
1231020730772606976
1231020214889992193
1231020076876345345
1231020070337466369
1231020059113467907
1231020031233802240
1231019846986539008
1231019807090368513
1231019720410910722
1231019698319511552
1231019653998301184
1231019531788746752
1231019488025415681
1231019471445336064
1231019470874906624
1231019415900168196
1231019401014579200
1231019394689650688
1231019381590720513
1231019109581836289
1231019019282665477
1231018954992300033
1231018825925173250
1231018693682966529
1231018691879489536
1231018676951740416
1231018669725102080
1231018632177737729
1231018629933780992
1231018628784541696
1231018627098431489
1231018499381907461
1231018446328082432
1231018262974140417
1231018245051895808
1231018203318538241
1231018043482017792
1231017943082946560
1231017931494043648
1231017691743424512
1231017605089169408
1231017588819472384
1231017583345836032
1231017540425572352
1231017411052261377
1231017373550903299
1231017311227826176
1231017267925786624
1231017017865646080
1231016980603375618
1231016947673858049
1231016947137105921
1231016802504892417
1231016675039903744
1231016665002975232
1231016656496930817
1231016466092347393
1231016404629020673
1231016357619257344
1231016303349071874
1231016222201909255
1231016188811018245
1231016129012826112
1231016096913903616
1231016090043588615
1231016007617122304
1231015983017594881
1231015880202555392
1231015760618758145
1231015754264383488
1231015750225334273
1231015589138878464
1231015547262951424
1231015528619225088
1231015499623997441
1231015473501933568
1231015392161751041
1231015335018586112
1231014828485025793
1231014673669148672
1231014668908412928
1231014565183414273
1231014471075799046
1231014457490509824
1231014443267608577
1231014341069168642
1231014275512250368
1231014214032076806
1231014124705984514
1231014018141294593
1231013953184112642
1231013854924169217
1231013674514554880
1231013406637010952
1231013344288690176
1231013131029073920
1231013031171088384
1231012585153187840
1231012358379540480
1231012232114397184
1231012203391864838
1231012144524734467
1231011101636284416
1231011044090400768
1231010529772285953
1231010250901331972
1231010124602449921
1231010017836355584
1231009964375859201
1231009961897054215
1231009945983889410
1231009857731518467
1231009786596134917
1231009773694390275
1231009766811545601
1231009766429929472
1231009622368059392
1231009592894730247
1231009413223284739
1231008974125793287
1231008837492191234
1231008775030489088
1231008669858455553
1231008371362476032
1231008186779525122
1231008123793661952
1231007949088264194
1231007862647934977
1231007341136531457
1231007263793479682
1231007092028383232
1231006954912407552
1231006649218994178
1231006608383193088
1231006564200435712
1231006317562777600
1231006288840208384
1231006124150853633
1231005960824598529
1231005828678901760
1231005748370583552
