id
1229918162470293507
1229917668951646209
1229917493793185792
1229916551425470464
1229916116039995392
1229916018593738752
1229915923676569601
1229915203179077638
1229915083658158080
1229914460778876935
1229914301730869248
1229914030925602817
1229913947849052160
1229913794203262976
1229913701416939522
1229913377943801856
1229913369622257664
1229913151413608450
1229912227693633538
1229912137738412039
1229912011196289026
1229911710586331136
1229911404276219904
1229911253323309056
1229910779618582529
1229910752838012929
1229910636622163968
1229910545278607361
1229910490186440704
1229909926904025088
1229909708821143553
1229909530777092097
1229909259820916738
1229908838108803072
1229908766411370497
1229908521040384001
1229908518314106881
1229908313938239489
1229908003521998848
1229907888627470336
1229907858063527936
1229907150799065091
1229906631850418178
1229906593598320641
1229906586946220033
1229905920437735424
1229905858521423873
1229905604602454019
1229905592229257216
1229905144336257024
1229904616080445446
1229904159400480770
1229903931851051008
1229903473946308609
1229903422285078530
1229903348066856960
1229903258640097281
1229902866539786243
1229902311071375360
1229902281266561024
1229902255131971591
1229902238287638528
1229902228653211650
1229902162177732608
1229902072235073536
1229901667207983106
1229901563092709377
1229901284595163136
1229901176289812483
1229901163857838085
1229901117821276160
1229901059906297856
1229900989618098188
1229900896391266304
1229900828204584962
1229900703096803329
1229900546527514624
1229900445151383553
1229900385202114566
1229900353983959041
1229900349768597514
1229900039868338178
1229899965079617536
1229899848394121221
1229899769843200000
1229899767163105288
1229899679023947779
1229899619313836033
1229899604818264064
1229899574678106117
1229899549684256768
1229899328006823936
1229899178819670022
1229898861294030848
1229898824023519232
1229898734877782018
1229898677344522240
1229898527993667586
1229898402781179905
1229898279158243330
1229898032809992192
1229898014048837637
1229897766261972993
1229897140014583808
1229896759490613248
1229896724119990276
1229896125802569728
1229895969262706689
1229895911234560001
1229895768015802370
1229895555553337344
1229895046675214336
1229894980581367810
1229894592381804544
1229894265339351047
1229894098015981569
1229894032920391680
1229893952247095298
1229893927496560642
1229893509622173696
1229893479834308608
1229893301383434240
1229893280294490116
1229892929814175745
1229892908574269446
1229892767117139971
1229892740030377993
1229892736528064513
1229892365609000966
1229892287569764352
1229892092341751809
1229892048985169923
1229891914650062849
1229891843913113603
1229891714913095680
1229891657048449033
1229891448876752904
1229891343113162753
1229891253157990402
1229890273817350150
1229889991087677441
1229889856861560832
1229889807641243648
1229889677831831554
1229889595430653952
1229889562253680640
1229889534646767623
1229889280404860928
1229889218433966082
1229889078054850560
1229889032097816576
1229889013718376450
1229888974472335360
1229888731110354946
1229888718762397697
1229888614848397313
1229888401597509633
1229888320278269960
1229888319326060544
1229888230251778053
1229888207589924865
1229888110915465217
1229887575944499207
1229887277180112897
1229887267310833675
1229887245731143682
1229887235249573889
1229886971457261569
1229886909213741056
1229886858332639234
1229886749083656195
1229886746533355521
1229886594435502080
1229886238565507073
1229886127877869571
1229885988597616640
1229885980943011840
1229885962697703424
1229885911783149568
1229885703196172288
1229885521859694594
1229885371917443077
1229885260046925831
1229884847537213443
1229884667077316609
1229884327099539459
1229884305482113025
1229884267540381697
1229884147197468675
1229884142667673603
1229884132223787014
1229884020059709440
1229883844037349377
1229883533700870146
1229883205005778944
1229883170201489408
1229882836234227712
1229882833604399105
1229882571456221185
1229882569115697154
1229882350147952641
1229882275447418890
1229882082266157058
1229881997394399233
1229881986451374080
1229881819018993664
1229881515707961347
1229881434313306115
1229881335147266048
1229881315480215553
1229881271305822213
1229881192813678594
1229881162228785153
1229880889112436742
1229880726373490688
1229880623726284800
1229880544441372672
1229880236403236864
1229880230376067073
1229880191234826242
1229880115183706112
1229879554979893250
1229879527788163079
1229879311039188993
1229879184656412674
1229878780900057090
1229878678663958535
1229878634317479938
1229878590197637125
1229878425760010242
1229878423583174656
1229878276748972033
1229878257568354304
1229878215893770240
1229877860736868363
1229877766562209793
1229877713613262852
1229877644558262272
1229877412537806851
1229877317759119360
1229877242060247040
1229876994281742336
1229876702366576641
1229876602621829120
1229876451715014656
1229876041486946308
1229875950072029184
1229875747629740032
1229875711600623617
1229875659062771712
1229875575222931466
1229875318380474374
1229875311174717441
1229875060934135810
1229875035088834562
1229874760567402496
1229874695622811648
1229874484116697091
1229874475753246720
1229874467117158402
1229874432971288576
1229874370186817540
1229874310774435844
1229874284862091265
1229874107531046913
1229874059007143936
1229874020511776769
1229873966845775872
1229873824398741506
1229873791075069958
1229873718496841731
1229873694920540162
1229873609742671873
1229872977950494720
1229872964939735043
1229872816377470977
1229872708646768652
1229872666267570176
1229872526156759040
1229872484939370498
1229872479415476226
1229872453977026561
1229872325794856960
1229872069782974465
1229871951130300416
1229871803109122057
1229871742077865984
1229871698603843585
1229871572489510915
1229871549211172867
1229871459838939138
1229871369405521928
1229871271367913473
1229871150186008578
1229871135208198144
1229870699227074561
1229870593073459200
1229870482700324867
1229870405692874753
1229870212171882501
1229870039098105857
1229870000019775489
1229869902116401153
1229869634704281600
1229869617163702272
1229869583810646017
1229869583504293888
1229869526054993922
1229869503263236102
1229869288879742984
1229869190120648704
1229869172806574084
1229869088224268297
1229868816689176577
1229868539387006979
1229868419505434626
1229868015812009984
1229867579013042176
1229867194026205184
1229867065982492672
1229867053491814400
1229866568852488192
1229866561994940419
1229866246319038466
1229866167235416064
1229865967448154114
1229865729605931010
1229865727647211520
1229865670269177857
1229865629752201216
1229865595048529921
1229865535275401217
1229865527222423552
1229865520779997185
1229865152188690432
1229864888438317056
1229864885921734657
1229864857039593472
1229864778606292993
1229864729054777344
1229864572246482944
1229864555762896896
1229864548208869377
1229864243681357827
1229864238753177614
1229864198798221319
1229864119333015558
1229863988709732354
1229863962025635841
1229863860418600960
1229863567077396480
1229863477126234113
1229863475624673280
1229863349992742912
1229863271919968257
1229863264479256576
1229862553259515904
1229862261935792131
1229862203483922433
1229862135234203649
1229862104695480321
1229861965704630279
1229861840638955520
1229861484555046917
1229861347074048000
1229861033126350849
1229860962464911361
1229860840809074690
1229860821892767744
1229860779438067718
1229860715898511361
1229860380689805312
1229860048467152896
1229859995933716481
1229859681503457280
1229859044657111041
1229858869565890561
1229858802218012678
1229858801400139783
1229858766541271041
1229858552208089093
1229858533266591745
1229858432133554177
1229858355285516294
1229858352731238401
1229858061029924865
1229857700063916033
1229857518043717633
1229857494887018498
1229857463266168832
1229857404847902722
1229857362208526337
1229857357297000448
1229857133287661579
1229856986617044999
1229856858573279232
1229856855008174081
1229856809952960514
1229856754357456898
1229856666449039360
1229856613391097856
1229856477831159808
1229856430859137025
1229856400433668096
1229856205302046721
1229856198247223303
1229856177854353408
1229855995431718913
1229855841286836224
1229855786169458688
1229855343221624832
1229855146206748673
1229855109754114048
1229854848755159041
1229854706341699584
1229854694375378947
1229854548715589632
1229854434705932289
1229854410886598660
1229854405849120771
1229854330540437506
1229854025635508226
1229853993708457986
1229853856349204481
1229853765555105793
1229853707661172736
1229853635540111361
1229853564438286339
1229853297097482242
1229853231712493572
1229852989906706432
1229852884331876352
1229852870931075073
1229852834914619394
1229852764047650816
1229852658560839687
1229852651648626690
1229852626629603329
1229852601732280320
1229852134998446082
1229852055822643200
1229851614292434944
1229851607954841601
1229851601873121282
1229851524597264384
1229851310285107200
1229851305872699398
1229851104487317505
1229851041870512128
1229850936153116674
1229850935129780224
1229850928825733120
1229850893144727561
1229850836488146946
1229850779789512705
1229850741986267140
1229850737913540611
1229850590164942854
1229850542144393225
1229850479913558017
1229850375827677193
1229850324086722562
1229850177357393920
1229850027385860103
1229849855683489792
1229849337313755143
1229849320796704775
1229849257798258690
1229849243566866435
1229849229436256261
1229849079439659013
1229848997084438529
1229848753726803968
1229848523564343296
1229848481788919808
1229848414806007808
1229848293385089026
1229848142419501057
1229848075210035201
1229848070269042689
1229848054032846849
1229848048467050503
1229847965013041152
1229847950307864577
1229847865461280772
1229847779717062657
1229847744010948610
1229847709152153605
1229847606886649856
1229847340284096520
1229847294079619072
1229847293102379008
1229847284638265345
1229847279307251712
1229847270004228098
1229847025572859906
1229847019822493697
1229846796115025921
1229846796014252032
1229846729404616705
1229846654012084226
1229846626124079106
1229846570306277376
1229846363237703683
1229846326902493186
1229846271143432193
1229846211743698945
1229845938929360897
1229845935049596928
1229845775636746240
1229845290829656064
1229845085765951490
1229845027691663360
1229844660845195267
1229844538241560582
1229844460290367488
1229844445840977922
1229844367118127105
1229844334515716098
1229844326148182016
1229844138872442881
1229844051928715271
1229843768393830401
1229843632460529664
1229843382555566085
1229843355498172416
1229843344404221952
1229843216943452160
1229843176355246082
1229843104921841665
1229842933123289093
1229842830157320192
1229842657121374208
1229842539127148546
1229842372630138880
1229842286705627138
1229842232854880259
1229841981620314114
1229841854969061384
1229841845636784128
1229841719945986048
1229841647153795072
1229841566182838272
1229841525456220166
1229841377846009863
1229841371399442433
1229841240759422977
1229841068667101187
1229840709362036736
1229840663132491776
1229840650402717696
1229840611588661254
1229840569330995201
1229840553711415296
1229840552805457922
1229840524280029185
1229840492243963904
1229840489911857152
1229840473482833920
1229840427714535425
1229840413214814209
1229840390775332865
1229840341894746113
1229840322433298432
1229840260798042112
1229840055411388423
1229839949903433728
1229839859575070720
1229839593584943104
1229839546231246848
1229839477922762752
1229839269021339650
1229839202755457032
1229838963239727105
1229838773627899910
1229838688185614336
1229838549719101440
1229838500645744640
1229838326062047232
1229838282189627399
1229838053876944896
1229837998361108480
1229837920766439424
1229837655631896578
1229837633603428354
1229837003006652418
1229836988339150849
1229836983293313024
1229836929178402816
1229836896802607105
1229836609132036097
1229836568799649792
1229836522964357120
1229836486176055297
1229836473584771073
1229836463128354823
1229836318093475841
1229836302658478083
1229836289467387904
1229836045887451143
1229835713493032972
1229835607544909825
1229835530743025667
1229835516130009090
1229835471284588545
1229835376283594752
1229835374505201665
1229835288693870600
1229835214223966209
1229835140920156161
1229835104324730880
1229834992320229376
1229834985156358144
1229834787537477636
1229834786908274688
1229834771016097793
1229834732713713673
1229834571270774788
1229834332237451264
1229834163806711809
1229834127207288834
1229833938581032967
1229833930234302467
1229833700881420289
1229833661282951178
1229833215109746688
1229833213125812227
1229833148101513217
1229833140312694785
1229833066824204289
1229833050982318080
1229832965028446208
1229832933206380546
1229832584332554246
1229832572714221568
1229832438735605760
1229832264600707072
1229832204789915649
1229832100196605953
1229832018340515841
1229831953827889152
1229831867349815297
1229831586801233922
1229831574662807552
1229831413442084865
1229831401190625282
1229831199738208256
1229831163096838144
1229831110915493890
1229830956313391109
1229830784363716608
1229830692420276225
1229830646815739904
1229830580327665671
1229830550225084416
1229830415663403008
1229830166588854279
1229830062997794816
1229829992550412288
1229829743773650947
1229829628933672967
1229829464063971328
1229829360812773384
1229829320266452993
1229829317833654272
1229829213525626881
1229829190368874501
1229828557033164801
1229828373070991360
1229828256012087303
1229828210176724995
1229828182838300672
1229828166002323461
1229828138307391495
1229828094304890885
1229827873617403911
1229827835684118528
1229827732390993923
1229827725617225734
1229827683925790721
1229827447660720128
1229827436260610049
1229827137965875200
1229827072610226182
1229826940518961152
1229826834822361088
1229826754170228736
1229826722452901895
1229826679398436864
1229826631772123136
1229826596917456901
1229826350908878852
1229826312640061441
1229826149477429254
1229825836464906242
1229825762389352448
1229825720333078528
1229825718391050240
1229825699093110787
1229825659926728709
1229825638388944897
1229825612799447043
1229825482864177153
1229825278207234050
1229825072661245955
1229825042940399616
1229824931833286656
1229824929325080576
1229824552299089922
1229824549769838592
1229824457935589378
1229824179110907906
1229824010155724800
1229823876688945153
1229823871756488706
1229823778491793408
1229823740315414530
1229823653753315329
1229823541597569025
1229823209064849415
1229823170624008192
1229823011253039104
1229822977761517568
1229822684562960384
1229822539314159616
1229822427305304067
1229822418799267846
1229822338822287361
1229822249617809408
1229822226649800710
1229822043492888577
1229821960928059393
1229821960013611013
1229821942879879168
1229821910290182146
1229821860344422401
1229821778199040000
1229821743826645000
1229821598972207104
1229821469368225793
1229821416209571843
1229821299494617091
1229821216279736320
1229821209476550656
1229821205739380737
1229821180670095361
1229820887924260867
1229820740163293184
1229820578988687363
1229820518351568896
1229820430271291392
1229820336859992070
1229820222942720000
1229820210510802945
1229820195218305024
1229820177350582272
1229820104445132802
1229820100431220737
1229820053887094784
1229820038791647232
1229819978267885571
1229819564843839490
1229819554928431105
1229819477073833986
1229819366511927297
1229819353635401729
1229819314448019457
1229819272253317120
1229819205136142336
1229818945651249152
1229818876688584706
1229818594638389249
1229818519698771968
1229818454452076544
1229818244313296898
1229818157801656320
1229818006676680705
1229817934349991937
1229817661384724480
1229817618183401473
1229817561115656192
1229817546163019777
1229817045774151685
1229816822695956480
1229816431375634439
1229816088877305856
1229815792746844162
1229815667249078273
1229815360507039745
1229815020286025728
1229814725162258434
1229814554374426626
1229814495415021570
1229814332176859136
1229814294445010944
1229814004186521600
1229813927439224832
1229813926055104517
1229813870207946755
1229813782588862465
1229813628024561665
1229813441348734976
1229813235106361347
1229813173982724096
1229813052952006656
1229812960123592706
1229812874425532421
1229812871909040129
1229812869769912322
1229812783350460418
1229812538508038144
1229812420878749698
1229812386573541377
1229812285578915847
1229812083111407618
1229811991180648450
1229811890290909190
1229811608647602176
1229811584094154752
1229811541056401409
1229811472043298816
1229811435842232325
1229811369240862724
1229811353948499969
1229811221404246022
1229811185257779200
1229811121747582976
1229811113090482176
1229811038293569537
1229810987643146240
1229810985055203329
1229810969209167872
1229810856654929925
1229810710420639744
1229810665499570177
1229810504589357056
1229810426315182082
1229810174254297088
1229810099364990976
1229810010374451200
1229809750801625088
1229809360416710657
1229809334571487236
1229809174810415104
1229808839165390851
1229808732596555782
1229808690359865344
1229808630599426048
1229808611175620610
1229808563884896257
1229808351149731842
1229808227480670208
1229808147600154626
1229808051353477122
1229808017291595784
1229807955111030787
1229807947083022336
1229807779512274945
1229807729318989826
1229807684767100934
1229807663422287872
1229807658707935232
1229807619235352579
1229807602441256962
1229807540000690177
1229807186655793152
1229807015406579713
1229806935026868226
1229806138851549184
1229806036980248576
1229805967983947782
1229805680174956544
1229805672071479296
1229805548524261376
1229805310082154497
1229805255765917696
1229805231321432065
1229805084722311168
1229804982351859712
1229804955860701184
1229804904832798720
1229804719561940999
1229804620144349188
1229804573730189314
1229804525722226690
1229804302450987009
1229804210855780353
1229804147500814336
1229804028701413377
1229803885331701761
1229803851215245313
1229803738002608133
1229802899011768321
1229802704488235008
1229802239046438912
1229802114597244930
1229801793451962370
1229801766360735745
1229801736098975744
1229801725097336839
1229801724828884992
1229801290978516992
1229801192592723970
1229800737087139843
1229800697169883136
1229800659890909184
1229800537979326467
1229800436380700676
1229800409734287368
1229800085556514821
1229800043068248064
1229800037250715651
1229799902781288449
1229799890638733314
1229799862755102727
1229799792336887809
1229799765539508225
1229799714914263040
1229799711131029506
1229799601567387649
1229799566616207360
1229799521087082496
1229799310713327619
1229799299824967680
1229799287858630656
1229799286642290688
1229799261551894528
1229799084380258304
1229798846143901698
1229798815978397697
1229798790594547714
1229798620184141827
1229798601653735424
1229798384736882688
1229798378420277249
1229798326071123968
1229798213126959105
1229798075163652101
1229798040250306565
1229798021644324870
1229797967860813824
1229797830044389376
1229797805465776130
1229797552700231682
1229797534371065856
1229797334340587521
1229797222516129793
1229797179096739841
1229797173136633857
1229797164810936324
1229797104748548097
1229796950293262337
1229796883914219520
1229796882110697473
1229796833335107590
1229796689327919104
1229796602061168642
1229796548399243267
1229796522608513024
1229796453842903045
1229796420661710848
1229796341855006721
1229796262427406337
1229796196690075655
1229796027152175110
1229795997041254401
1229795706111746048
1229795385570480129
1229795339928064003
1229795195274788865
1229795117109829632
1229795007000915968
1229794904332816384
1229794878638510085
1229794708479672322
1229794589474725889
1229794534810406914
1229794411489431553
1229794195742720000
1229794112825626627
1229793947930824705
1229793772378083328
1229793721182453762
1229793714328997890
1229793401220009985
1229793206491021312
1229792950164623360
1229792803305205761
1229792791372455936
1229792712024567812
1229792605371797504
1229792577639141376
1229792557275721728
1229792493794930688
1229792421074087939
1229792265394118657
1229792166412767234
1229792126046818306
1229792059181031424
1229791840452448258
1229791768746582016
1229791617978175489
1229791556019855360
1229791487178760192
1229791407314890752
1229791227672965121
1229791226808930306
1229791164896858115
1229791147272200192
1229790979286294530
1229790939616555008
1229790650369036288
1229790615505981443
1229790312102367232
1229790303361650688
1229790245610283009
1229790224194195462
1229790152517734400
1229790149187375104
1229790137544040448
1229790024033603588
1229789881288863744
1229789861818834944
1229789543173414913
1229789538882592771
1229789483194863616
1229789349362982912
1229789272158412801
1229789205347348488
1229789195385831424
1229788969707151360
1229788907295952902
1229788837964021760
1229788510472855553
1229788464624873473
1229788398992461826
1229788227508277251
1229788143416639489
1229788133643911169
1229788103289851908
1229787966240890887
1229787952622047233
1229787925958811648
1229787854705963008
1229787693984493569
1229787540158218241
1229787504594890754
1229787503231733761
1229787091313287174
1229786984874377216
1229786982076817411
1229786941169766400
1229786895971909632
1229786847724916736
1229786823540531200
1229786778518904833
1229786631747534850
1229786578148524033
1229786514013532160
1229786275558961157
1229786269619634176
1229786147435548674
1229786146345013249
1229786033438560257
1229785818417553415
1229785636569321475
1229785352480739328
1229785343538421760
1229784909390237702
1229784825327804416
1229784762245578755
1229784631416967168
1229784566673612802
1229784484859518977
1229784478706479105
1229784438491504640
1229784405448761344
1229784344484511745
1229784279544139776
1229784173482774529
1229784062929391616
1229784022823383041
1229784009401667596
1229783982180634630
1229783649681387520
1229783492596289536
1229783461176709120
1229783454541324291
1229783384798486528
1229783246109581312
1229783126320328705
1229782875534479360
1229782875278585859
1229782825274150915
1229782820635205636
1229782714968166400
1229781880591003649
1229781859598467073
1229781859422396418
1229781738068549635
1229781566122889216
1229781506610077698
1229781461814980610
1229781424020099073
1229781357976588292
1229781123774984192
1229781112207134722
1229781008515502080
1229780944690831360
1229780894271123458
1229780790910820354
1229780466833641472
1229780443081383937
1229780411129192448
1229780277179961344
1229780272566153220
1229779967631863815
1229779721828745218
1229779321247715335
1229779308144496640
1229779301681201152
1229779227957919745
1229779062392066056
1229779007761190912
1229778957668618241
1229778848125841411
1229778699442171910
1229778524254265345
1229778452972216323
1229778387520172032
1229778370759741440
1229778342234263552
1229778313952059392
1229778118983979008
1229778113330061316
1229778027678175233
1229777983134732289
1229777795808665601
1229777616900689925
1229777317251223553
1229777203052908547
1229776731567009792
1229776536993239040
1229776131286499328
1229776089028886528
1229775557765869571
1229775418766610436
1229775371568140289
1229775213094744065
1229775206669000704
1229775010472001536
1229774981304856576
1229774942524395520
1229774867341414402
1229774859317764098
1229774741008998402
1229774620951293953
1229774469620805632
1229774349550473216
1229774330877353984
1229774247905681410
1229773883533856768
1229773871831711747
1229773854098280454
1229773790848180226
1229773668387053574
1229773612057493507
1229773405974663173
1229773326844862464
1229772798832369669
1229772489678561282
1229772415514939392
1229772404777459717
1229772267229515777
1229772171083419648
1229772144156037123
1229771868162445319
1229771820112470017
1229771737769836545
1229771542827085825
1229771315399348225
1229771171035590658
1229771046670274562
1229770978193965056
1229770974859612161
1229770609837641728
1229770518200541184
1229770349371367424
1229770040351784960
1229770040028753920
1229770013353086982
1229769993350500352
1229769909602746375
1229769663132950532
1229769588344283136
1229769585043427334
1229768993399091202
1229768664897007618
1229768514103279617
1229768326777364482
1229768312009220097
1229768281059360768
1229768144794812416
1229767754942562305
1229767321402642439
1229767271863615490
1229767132709302272
1229767051033661441
1229766692185821185
1229766350157107200
1229766123253620741
1229765926448517123
1229765776623767553
1229765747481677824
1229765661292924929
1229765527700148224
1229765513741361159
1229765503314485250
1229765502563737600
1229765461153386497
1229765374494826496
1229765344841125889
1229765307482419200
1229765275526017024
1229765066955816960
1229764760746561537
1229764572279603202
1229764377445838848
1229764205919768576
1229763748493066240
1229763746647674881
1229763629400100864
1229763598588706816
1229763474353459200
1229763187240841216
1229763154491695109
1229763107964125184
1229762931098705920
1229762833472217089
1229762249881014272
1229762178657419264
1229761930400804864
1229761864776679424
1229761684908204033
1229761652893134849
1229761641249726465
1229761354460016640
1229761353952440321
1229761173270212608
1229761092559212544
1229761012083122177
1229760938233876480
1229760499476291586
1229760493373575168
1229760382589378560
1229760342584168451
1229760338737946624
1229760334950522887
1229760297864396804
1229760239127289856
1229760078321999872
1229759986072530945
1229759955479285761
1229759846486102017
1229759723454574594
1229759642554773505
1229759633729970176
1229759580693024768
1229759391810936832
1229759341613506562
1229759212391206912
1229759178559848448
1229759138256838656
1229758480329986051
1229758326264729601
1229758316001230852
1229758301669339136
1229758009859026949
1229757989361528833
1229757978259095554
1229757942678872064
1229757792212455424
1229757480772816897
1229757265906892808
1229757230343499777
1229757037929783299
1229756770173755392
1229756648660643841
1229756511393546240
1229756450819518466
1229756281843585024
1229756206773874688
1229756130366304262
1229755924035842050
1229755888141062144
1229755727906058244
1229755690517962752
1229755565825503238
1229755214984622080
1229755023392940035
1229754895693176833
1229754754290634754
1229754705653510148
1229754238189920256
1229754006064500737
1229753793509756928
1229753778980696065
1229753775679770624
1229753623636213762
1229753554048516097
1229753197104893952
1229753180281606144
1229752856061890562
1229752786780213255
1229752464506793984
1229752443128471554
1229752378263363585
1229752307136552960
1229752289990148099
1229752182255366144
1229751890839248898
1229751822832848899
1229751653127073792
1229751162469060610
1229750817663655937
1229750779797549056
1229750499009867776
1229750364288798720
1229750300166238208
1229750255605997568
1229750213826555904
1229750055919374338
1229749774489968641
1229749602162601984
1229749584248868871
1229749579836534784
1229749452392538113
1229748991002382337
1229748970030804992
1229748926997245952
1229748865680707585
1229748673908793350
1229748515284365312
1229748150719655940
1229747877058007040
1229747845449887744
1229747593279868934
1229747473612247044
1229747433544015873
1229747229851889666
1229747149023219713
1229747059772854273
1229746956710404097
1229746891656704000
1229746868609069056
1229746488223375361
1229746391280443392
1229746354961948679
1229746114200506368
1229746103169323009
1229745515908259841
1229745508639543296
1229745372706361344
1229745314850131968
1229745280536412161
1229745154321518592
1229745061451223042
1229745053356167168
1229745021856964608
1229744917766864902
1229744739404087299
1229744535338704896
1229744399707516928
1229744152184791041
1229744084258115584
1229743924761288706
1229743870822535170
1229743752576716800
1229743671454597121
1229743563459657729
1229743447109767169
1229743068959645696
1229743008943419393
1229742991704756226
1229742809810448385
1229742693414326275
1229742608588693506
1229742532122357761
1229742285681721345
1229742249384214530
1229742188222992386
1229742174100742146
1229741923465932800
1229741904427978752
1229741739839295488
1229741708709068801
1229741265497001985
1229741191614345220
1229740938483949571
1229740904514088961
1229740830077923328
1229740689157652485
1229740516788654080
1229740487004893185
1229740303206277121
1229740257974902784
1229740016475295744
1229740010724831232
1229739920295485440
1229739798149156864
1229739704406462465
1229739648546725889
1229739606272286722
1229739558415323138
1229739499405631488
1229739432074452992
1229739381843472385
1229738985523732480
1229738859681861632
1229738645491503113
1229738608879337472
1229738571873095680
1229738524947222532
1229738503019343872
1229738223267713024
1229738206071009280
1229738186705899522
1229737965380931589
1229737889442910208
1229737771180445696
1229737644424417280
1229737576447299590
1229737518960193537
1229737365859700736
1229737327276285952
1229737237622984708
1229737054269005825
1229736848173535239
1229736743366201344
1229736709044072448
1229736410954989568
1229736271603490818
1229736146172858368
1229736009438502912
1229736002866077697
1229735854358368258
1229735723202420738
1229735571683237888
1229735071847858176
1229734977119506432
1229734873130246144
1229734861256241152
1229734808395407360
1229734771573579779
1229734233851277313
1229734067723284480
1229733836021473281
1229733780182704130
1229733733814632448
1229733704672653314
1229733576939315201
1229733356436410370
1229733352997081090
1229733183647866880
1229732365104230401
1229732355989999617
1229732346829721600
1229731225562230785
1229731199087673344
1229731088119029761
1229730464799350785
1229730225069666304
1229730220573372416
1229730165065994246
1229729983729459200
1229729779848556545
1229729713213575168
1229729697828933633
1229729590681186312
1229729442584498177
1229729362414624773
1229729024164929536
1229729011716231168
1229728723584241665
1229728668039016450
1229728458516914177
1229728240731901952
1229728221614280707
1229728212781015041
1229728195001405441
1229728137837187074
1229728094061318144
1229727916021424128
1229727836497489920
1229727507882094595
1229727304651288576
1229727271721803776
1229727265942097921
1229727019556130817
1229726765440020480
1229726580353773571
1229726358642839552
1229726237905629190
1229725899081363459
1229725819355922433
1229725775970144256
1229725639709790208
1229725598970503168
1229725298234740736
1229725211563524096
1229725153245962240
1229725072304242688
1229724949872549888
1229724937612677121
1229724864015208449
1229724770549325825
1229724683895005184
1229724656208371713
1229724603230101504
1229724440809951233
1229724336132698112
1229724149725245440
1229723974763978753
1229723922104492034
1229723892052373505
1229723764230893568
1229723672992210945
1229723509557022721
1229723379067949058
1229723328522395648
1229723029581762561
1229722979896086528
1229722715671744513
1229722708763725824
1229722581122658307
1229722557164683267
1229722545181642753
1229722477091225600
1229722427283955712
1229722396304773120
1229722369540882432
1229722228943720448
1229722066460577792
1229721968221523968
1229721638419259398
1229721614864048131
1229721540163461121
1229721345250004992
1229721115293110273
1229720774254178310
1229720768868683778
1229720737512148992
1229720442736431105
1229720425783009282
1229720416630996998
1229720238737981445
1229720108404289538
1229720058403926016
1229719966498394112
1229719735039922177
1229719608493514752
1229719465488719872
1229719289453858817
1229719217718669312
1229719175775518721
1229718992845180928
1229718979599650816
1229718961673195521
1229718889141018624
1229718812834045952
1229718636794744833
1229718346343514114
1229718289762471937
1229718145746817024
1229718113752625152
1229717671727575040
1229717523693699073
1229717431481970691
1229717310103072768
1229717301659930624
1229717294189862912
1229717049271889921
1229717041986330625
1229716986512527360
1229716871781462017
1229716768668647425
1229716757650268160
1229716596094095362
1229716333933350912
1229716284490866688
1229715990864220160
1229715879086129153
1229715678015492096
1229715673917595650
1229715669819764737
1229715633388052483
1229715584629297154
1229715559874428928
1229715556632342528
1229715495546433538
1229715486172119045
1229715484477657089
1229715482963595264
1229715113701191680
1229715097397944320
1229715082076213248
1229715007753072640
1229714999255453696
1229714907601526785
1229714706740412416
1229714702428770305
1229714675585011719
1229714390376747009
1229714229227409409
1229714149581549568
1229714085908013056
1229713942827732998
1229713919066898432
1229713525741887488
1229713382481289217
1229713081560961026
1229713074820722690
1229713030252023808
1229713020303138817
1229712888534724608
1229712859753480195
1229712858889572353
1229712854909095936
1229712237092274176
1229712106255196160
1229712050789797888
1229711915737370624
1229711861794443264
1229711647327031298
1229711531262300160
1229711257256779776
1229711172485644289
1229710927710343169
1229710735724466177
1229710551812595713
1229710519050948608
1229710366847926272
1229710355946827776
1229710213630001152
1229710034717814784
1229709993382903813
1229709954489159680
1229709893898326017
1229709826730680321
1229709779960041472
1229709691346980864
1229709524451414016
1229709174851985408
1229708937366265858
1229708916810027009
1229708848413519872
1229708846777675776
1229708810941583360
1229708773213687808
1229708763977965569
1229708652975738881
1229708537971998720
1229708480266854401
1229708431877136385
1229708421299044352
1229708378819178497
1229708283012886530
1229708096534142976
1229707999356297216
1229707977369817088
1229707880737185792
1229707742740451328
1229707218976636928
1229707056120238080
1229707004534546432
1229706829745225730
1229706583162134529
1229706541428695040
1229706517076742145
1229706459530874880
1229706406242246656
1229706360042008578
1229706289351188480
1229706215946584064
1229706113408552961
1229706097080098817
1229706071922659329
1229705906620944384
1229705856205365253
1229705569449259008
1229705396119638017
1229705257497890816
1229705242205401088
1229705155337162752
1229704956564865024
1229704898247262209
1229704841615826944
1229704799282704384
1229704619644923904
1229704570508632064
1229704433296007170
1229704158531477505
1229704138365243392
1229703799394230272
1229703673233788928
1229703661103833089
1229703564014051328
1229703366172868608
1229703361773162496
1229703265866133504
1229703145112117249
1229703097863168000
1229703068280860674
1229702777997230080
1229702767570227200
1229702693687635968
1229702648624013313
1229702496504995840
1229702470462472193
1229702130551967744
1229702101154045957
1229701993423417346
1229701889475907584
1229701834090205186
1229701691538386945
1229701634881662976
1229701516124205057
1229701479444992001
1229701447912128512
1229701349488676864
1229701135931498496
1229700981702742016
1229700860302807040
1229700815545421825
1229700813343330304
1229700572128980994
1229700555183882240
1229700466646364161
1229700335939223552
1229700328234389504
1229700141906636801
1229700125452374016
1229700108276707328
1229700074848104448
1229699663873310720
1229699395177918466
1229699367541465088
1229699218748538880
1229699146581499905
1229699142865301504
1229698790145318913
1229698732100345856
1229698711007244289
1229698684104953857
1229698635060961281
1229698630992441344
1229698391824879616
1229698303908098048
1229698098152140800
1229698055248715776
1229698039125643264
1229697996910141441
1229697810712363013
1229697789707378688
1229697717284278272
1229697628859924480
1229697572865966080
1229697547163316224
1229697527697563648
1229697432449167360
1229697419803348993
1229697386026541061
1229697362832117760
1229696964230549504
1229696733933862914
1229696700991885312
1229696627218288643
1229696595056373761
1229696491758985217
1229696431646269442
1229696362909925383
1229696336855027712
1229696138938212352
1229695922277408774
1229695712381804544
1229695258289721344
1229695137313366016
1229695103771586561
1229695038671794176
1229694945805639682
1229694785415450630
1229694766750797825
1229694630591111170
1229694598852861954
1229694598022389761
1229694554405773313
1229694550572249090
1229694502073520128
1229694483350138880
1229694212062486530
1229694075865042944
1229693994436898816
1229693977202511873
1229693852933644291
1229693713296871424
1229693516588179463
1229692842467057664
1229692771113590785
1229692682123042823
1229692626913329152
1229692587516289024
1229692508487155712
1229692275627872256
1229692163069546497
1229692156840992769
1229692027593510913
1229691931673931776
1229691918751346688
1229691856138723329
1229691599795388416
1229691451652571136
1229691324338786304
1229691110194282496
1229690925674356736
1229690774884954112
1229690712456925184
1229690496852938753
1229690484387385346
1229690428783579136
1229690308138557440
1229690087765573634
1229690049777848323
1229690040839745538
1229690039396978688
1229689966160236544
1229689780927156225
1229689760349859840
1229689648508735488
1229689277694578688
1229688870817685504
1229688814597177345
1229688730719526912
1229688617641107456
1229688546597974016
1229688528164052993
1229688414137716738
1229688386379800576
1229688257136427008
1229688200119169024
1229688130506231808
1229688073551826945
1229688068141125632
1229687870757199872
1229687758756687872
1229687682328092672
1229687546977931265
1229687410243653632
1229687410239381506
1229687391784296448
1229687374164176896
1229687141594288128
1229686992855760901
1229686921250639874
1229686909980618754
1229686840262828032
1229686659123499010
1229686561740120068
1229686502600454145
1229686455460601856
1229686454684725250
1229686378033709056
1229686363311792128
1229686000093319169
1229685985723797504
1229685937896087555
1229685902164811777
1229685888105492480
1229685832346427392
1229685729871179776
1229685646362439680
1229685599986241537
1229685593896079370
1229685587755634688
1229685586077851648
1229685577726992384
1229685554373107718
1229685535192555520
1229685486115020800
1229685420373487616
1229685342875324416
1229685330820943873
1229685273115709440
1229685102483058689
1229685090877399040
1229685041380438020
1229684980319768577
1229684920274112519
1229684865018269699
1229684860329041920
1229684798538559488
1229684720289697792
1229684631232032769
1229684546616078337
1229684455205416962
1229684398863343616
1229684367888224256
1229684360946864128
1229683807697145857
1229683775979884544
1229683728152170497
1229683611558961152
1229683591447183360
1229683491031461888
1229683449964978178
1229683391626387456
1229683232976883712
1229683222595985408
1229683173489102848
1229683131340423168
1229683108540116992
1229682973647278081
1229682911970037760
1229682767685963776
1229682502140383232
1229682495626653697
1229682346963668993
1229682296153944065
1229682200406261761
1229682182479806465
1229682049361031169
1229681949406629888
1229681887758704646
1229681882465480704
1229681862471188480
1229681757252915200
1229681735316713472
1229681651158069253
1229681644673601536
1229681588662931457
1229681490436464640
1229681420915937280
1229681248735547393
1229681244931313664
1229681085971390464
1229680896464191488
1229680890940469248
1229680822187364359
1229680772568768512
1229680772438732801
1229680648522272773
1229680557942067203
1229680549054341121
1229680543501078528
1229680483375681538
1229680426861703169
1229680393483358208
1229680393202393093
1229680362596466688
1229680324080283649
1229680315955916800
1229680261027287042
1229680214206271489
1229680206899826689
1229680053438631936
1229680029061259264
1229680024317571072
1229679914909143042
1229679709371412480
1229679695207292928
1229679639137837058
1229679594862784512
1229679524943745024
1229679494136549379
1229679470392508416
1229679454638739457
1229679445373587456
1229679410414080000
1229679359084154880
1229679317942259712
1229679315736047616
1229679288141656065
1229679285717340160
1229679177068109825
1229679129768931328
1229679035363581952
1229679009530810368
1229678965478084609
1229678872897183745
1229678837077770241
1229678770099019777
1229678761886523393
1229678733818200065
1229678712301510656
1229678695046111232
1229678606244294656
1229678528096088065
1229678499495055361
1229678321174241281
1229678295278587905
1229678175623483395
1229678102952824832
1229678040843739138
1229677975865569280
1229677900460429312
1229677871683252224
1229677744914665472
1229677706931003392
1229677689562374144
1229677630783414278
1229677607882543105
1229677598323695616
1229677547312553986
1229677491566104576
1229677474172297223
1229677406694322176
1229677399954120704
1229677326163681283
1229677272216543232
1229677154356596736
1229677145968062465
1229677049066983424
1229676953600512001
1229676932754747392
1229676896901832705
1229676849124532225
1229676799854030851
1229676695399075840
1229676469175103498
1229676414158413824
1229676340464492545
1229676074361069570
1229675969637756928
1229675838234353664
1229675630767288321
1229675578195877888
1229675539167879168
1229675254391373835
1229674911154589696
1229674868519600128
1229674663573426177
1229674562264141825
1229674486447976449
1229674389387476993
1229674205567946753
1229674104866983936
1229674043860799489
1229673925661118464
1229673834980298753
1229673769628848128
1229673609515458560
1229673309463339010
1229672828385026048
1229672061582430209
1229671498035712002
1229671277620813824
1229671196762963969
1229671100600246273
1229671100495417344
1229671038453239808
1229670854197481472
1229670847834656768
1229670806604722176
1229670767304024064
1229670689747210240
1229670536776687616
1229670451246399488
1229670339581485056
1229670314147274759
1229670144567390208
1229670095150080000
1229669870733873152
1229669810482696192
1229669610636632064
1229669481758068736
1229669435914571783
1229669407955267584
1229669377521307648
1229669346848464896
1229668987916738560
1229668957516374016
1229668634752114689
1229668278001422336
1229668131586674688
1229667601799929857
1229667565225594880
1229667551107592192
1229667493024800768
1229667491154141185
1229667281103396865
1229667257510436864
1229667180557537282
1229667025464778753
1229666984855527424
1229666795780497410
1229666546924036096
1229666542960377856
1229665962372235264
1229665919393075200
1229665822823546889
1229665681597227010
1229665566400577536
1229665035686961152
1229665024358207488
1229664832284221440
1229664768262230017
1229664767570255872
1229664621990158336
1229664108238266369
1229663953078378496
1229663620306481152
1229663402685091840
1229663028737691651
1229662856494362626
1229662729893490688
1229662613379960832
1229662546191360005
1229662514318893056
1229662367962869764
1229662349146984449
1229662237901676544
1229662149800267776
1229662087007350785
1229662026198376448
1229661828969422850
1229661643174535168
1229661197278076928
1229661011407507457
1229660931698962433
1229660885255360512
1229660833644457985
1229660206780604416
1229660004648706048
1229659892744704005
1229659621234790400
1229659494122237952
1229659192035860481
1229659082740707331
1229659077883703297
1229658948397076480
1229658931854790656
1229658841073278979
1229658825457905664
1229658700345991168
1229658535623000064
1229658389950627846
1229658373370601472
1229658343024795648
1229658180868857856
1229657979340886016
1229657535398973440
1229657505350983680
1229657293614125056
1229657078756708355
1229656680096509952
1229656530221510657
1229656454598139906
1229656418543964160
1229656122363084800
1229656096907890689
1229656010845020160
1229655937373364229
1229655931903975424
1229655920226881536
1229655721869967360
1229654874729721862
1229654288466632704
1229654277779415041
1229654235840684032
1229654141942796288
1229654052708999168
1229653965245222912
1229653780855185415
1229653466244636672
1229653413987786752
1229653405204918272
1229653298149515264
1229653232382771200
1229653098760634369
1229652944624193537
1229652928602005504
1229652896356106240
1229652860599754752
1229652539202822144
1229652468285476864
1229652398752358400
1229652148604022784
1229652008338182145
1229651956009984000
1229651822538870785
1229651713541451776
1229651457332383744
1229651239505465345
1229651210023641088
1229651103337283584
1229651065882267648
1229650876773666816
1229650451198554113
1229650449256656896
1229650271275487232
1229650242347335680
1229650104111575041
1229650015913742336
1229649947479412737
1229649927279718400
1229649924616343552
1229649886817267712
1229649822623436801
1229649796857815042
1229649792575442954
1229649785147285506
1229649657476866051
1229649046563889153
1229648882889641984
1229648714186268672
1229648585802813440
1229648482824265729
1229648216548937733
1229647971073036288
1229646994613952517
1229646853970460672
1229646683744751623
1229646606208786432
1229646557865222144
1229646546251210752
1229646484859162625
1229646413434413057
1229646400725475329
1229646379485745152
1229646358824570880
1229646224170668032
1229645851527696389
1229645676943986688
1229645382877138944
1229645362086006784
1229645330213462017
1229645238991564800
1229645158855168002
1229645096624279552
1229644828658540544
1229644751626022912
1229644593458642944
1229643908940009474
1229643849427013634
1229643711270793217
1229643683340877825
1229643676994981888
1229643487743623169
1229643310261776384
1229643177671450624
1229643162324475905
1229643114052190209
1229643068975878144
1229642989095530496
1229642579655958529
1229642441243783169
1229642343353126912
1229642311711150080
1229642252273754112
1229642222804635648
1229642121126334465
1229642015073329153
1229641507172470785
1229641335394750464
1229641215643127809
1229641153848446976
1229640998617305088
1229640627232673792
1229640570961846272
1229640271886987264
1229640173274718210
1229639932198752257
1229639279078494208
1229638664898129920
1229638526523887617
1229638024964734977
1229637912339369985
1229637872044695553
1229637567168909313
1229637493059997696
1229637079220572160
1229636583625777158
1229636382508929025
1229635641287356417
1229635558235750405
1229634772705644545
1229634690925109249
1229634626840387584
1229634308513652736
1229634085926076418
1229633767997833216
1229633649986985984
1229633640293949440
1229633205021462528
1229632954877517825
1229632665457958915
1229632350067339264
1229631792405262337
1229631695672029184
1229630991486025729
1229630538220220416
1229629833568804864
1229629558619541504
1229629542354104321
1229629452633747456
1229629418781446144
1229629376221925378
1229629333985206274
1229629213285765123
1229629106318462978
1229628988861100032
1229628803254755328
1229628667292258304
1229628595657678848
1229628507849973761
1229628420268707840
1229628013123338241
1229627912615342081
1229627689461600258
1229627340038246402
1229627254239637505
1229627130071351296
1229625994199347201
1229625699268546561
1229625577608486912
1229625152499015681
1229625133922426885
1229625025101213696
1229624985473495040
1229624893328777221
1229624835455750145
1229624805915332609
1229624587538911233
1229624294449274880
1229624078132224001
1229623474689208323
1229623410252230657
1229623166974058496
1229623106504970242
1229622871619702784
1229621975414427649
1229621893868683264
1229621437515825153
1229621254438707202
1229621243533545472
1229620084416688128
1229619818216796160
1229619426267402240
1229619000742686720
1229618314558812161
1229617754006683648
1229616663810711552
1229616646966243331
1229615582615613440
1229614906141532160
1229614783055433728
1229614632249241600
1229614534912040960
1229614398660055040
1229614254627655681
1229613493621526528
1229613167904514048
1229612276971429888
1229611287174238208
1229611047251656704
1229610721689948161
1229610452470181888
1229610246936592384
1229609799672832002
1229609646689640449
1229609297010663424
1229608862208024576
1229608649422757888
1229608554165874688
1229608369788420097
1229606929502175234
1229606745946849282
1229606631094308864
1229606570415263745
1229606478887124998
1229606361459232771
1229606027320004610
1229605804455497729
1229605203923566594
1229604106152615937
1229603832033955841
1229603372929552384
1229602913271631872
1229602155323183105
1229601320769900544
1229600822876659712
1229600420097667073
1229600182754594816
1229599550643589123
1229599465708847104
1229599368111677446
1229599295994769409
1229599261828014080
1229599168508911616
1229599023549558784
1229597359908294656
1229594945914273792
1229594660353585153
1229594216038379521
1229593251788853250
1229591530157072388
1229591324501913601
1229590765896130561
1229590054642896897
1229589954751291392
1229589556950970368
1229589149793103874
1229588266002898944
1229587615302770688
1229587124669816833
1229585894006546432
1229585870044438529
1229585758098534400
1229585232858316801
1229584844612669441
1229584754598719489
1229584306198253568
1229584126388424705
1229584007341305856
1229583981676462080
1229583613236215808
1229582523350605824
1229582077663809536
1229581919257595910
1229581486757732352
1229580784790593539
1229580243746377736
1229579738533986304
1229579014995677184
1229578374915461120
1229578164260810754
1229577950695129089
1229577794516062209
1229577344408588296
1229577069849448448
1229576941264568321
1229576272864563203
1229575830864613377
1229575819053469696
1229575732575244289
1229575626572648450
1229575282656522242
1229574717876719617
1229574711673315330
1229574425806299136
1229574290900750336
1229573979221975040
1229573805607182336
1229573571107749893
1229573490023464960
1229573389368643584
1229572818188161026
1229572419976912896
1229572341912477698
1229572190959472640
1229571908355723266
1229571888952770560
1229571827179102208
1229571817548939270
1229571630369845248
1229571431069032450
1229570940528463873
1229570902066630662
1229570708507852801
1229570441121017862
1229570327249686528
1229569858955890694
1229569038679932934
1229568795745890309
1229568566900424705
1229568543957684226
1229567752421150720
1229567489027313665
1229567056124817409
1229566921319821312
1229566568712925184
1229566332242452481
1229566283273965568
1229566221365993472
1229565946244845568
1229565377627262976
1229565220265304065
1229564874742779905
1229564809286283264
1229564505895497728
1229563768855826432
1229563582725152772
1229563567638294533
1229563565276876801
1229563550991081472
1229562482445910016
1229562372739731456
1229562323360198656
1229561836032397312
1229561724220649473
1229561405029933062
1229561331705143299
1229561281885044736
1229561191334326273
1229561006172626944
1229560910911623168
1229560541116600322
1229560222995419136
1229559946737586176
1229559918887350272
1229559818995851264
1229558875902369802
1229558438256136193
1229558216562008072
1229558095413686272
1229557875548344320
1229557846188154882
1229556959910780928
1229556792662855681
1229556784525926405
1229556767090147328
1229556727227568133
1229556570226413568
1229556565893636096
1229556556313825283
