id
1230280692212404224
1230280655268962310
1230278541272584192
1230278421755899910
1230278006985256960
1230277446924193792
1230276854503944192
1230276048509718528
1230275804803817472
1230275084700520450
1230271257700114434
1230270703787749378
1230270177125830658
1230269714196287488
1230269273660149762
1230268409356615680
1230267612635987969
1230267144727879680
1230266462939631621
1230266078175137792
1230265298961543170
1230264372288770049
1230264305246965762
1230263731386322944
1230262152042352643
1230260827900407809
1230260713890951168
1230260481492955137
1230259847263932421
1230258282989858818
1230258184952176640
1230257050980093952
1230256647152508928
1230256546661228546
1230256431800078340
1230255718244257795
1230255076939268098
1230251742740254728
1230250708949241859
1230250443512647682
1230247875105492992
1230247804762763265
1230247356983058433
1230247200216768512
1230246136662962178
1230245994924826632
1230244486233505792
1230244198487658498
1230244043407405057
1230243523565367298
1230243475280580608
1230243203724566528
1230243125077118977
1230242861695807489
1230242519704915973
1230242108285558786
1230241665102893056
1230241231814483975
1230241039086161921
1230240641050767360
1230240430387814402
1230239876601319434
1230238382065889280
1230237927126392832
1230236754201993218
1230236682508808198
1230236603961966607
1230236287988355073
1230236256266833920
1230235688840421376
1230235209288814592
1230234587357417472
1230233990214275073
1230233881711927296
1230232940589846528
1230232885803782147
1230232856343040000
1230232697324417024
1230232114429341704
1230232095672266753
1230231389666078720
1230230761623691267
1230230692862316545
1230229943528894467
1230229190869504001
1230229084556419073
1230228360384651266
1230228359516491781
1230227177855234053
1230226944530305025
1230226282740408328
1230225507821740034
1230225475819200516
1230225091079876612
1230224638703210503
1230224363548528640
1230223793790095366
1230223327328919553
1230223247620345857
1230222858531561473
1230222332603576321
1230221581558747136
1230221495613480960
1230221485295489026
1230221412025196545
1230221023288713217
1230220860797128704
1230219777270001665
1230219399799463936
1230218960487972867
1230218840115687428
1230218571239895040
1230217640108601344
1230217036506157056
1230216718011772929
1230216529565843461
1230216398007394305
1230215797643108354
1230215407530889217
1230215313641418752
1230215293890441229
1230215216715137032
1230215142974996480
1230214926968479748
1230214758181330951
1230214434557243395
1230214279770648584
1230214218034634753
1230214136811917312
1230213953176907776
1230213685722984448
1230213466427924486
1230212693723959297
1230212502568435712
1230212157465354240
1230212018726219777
1230211580043890688
1230211547374505985
1230211501736284160
1230211256184905728
1230211027423449089
1230209405544738816
1230209310556348416
1230208663337324544
1230208176986914822
1230207995386191872
1230207590413590530
1230206577027751936
1230206156884369413
1230205360411115525
1230204862463455233
1230204558678351873
1230204029348851715
1230203781905895425
1230203639546945537
1230203612346884096
1230203584727408641
1230203094752993282
1230203058828775424
1230202908521660419
1230202765495980035
1230201834670829574
1230201335217377289
1230201281697984513
1230200566694858752
1230200502140493825
1230200333114249221
1230200223038889984
1230199874991378437
1230199210529738752
1230199188438372353
1230199085212323840
1230199007772893186
1230198652880269313
1230198238638231553
1230197860467138561
1230195059796127744
1230194625664749576
1230193673373179907
1230193665148100614
1230193448004849666
1230192886928617472
1230192802203459584
1230192241362243595
1230192183392821248
1230192022230904832
1230191937430401030
1230191563118174216
1230191191427289089
1230191161437872128
1230190552416735233
1230190448221749248
1230190423836151809
1230190310245924865
1230189913175400452
1230189476212887554
1230189202077294592
1230188976377647107
1230188528006549505
1230188287777738758
1230187987524366343
1230187625832644608
1230187115771781128
1230186802453106691
1230186180475572229
1230185786592702467
1230185766879363074
1230185612973608960
1230184904664764417
1230184727904235520
1230184254241476609
1230184105276510208
1230183771909099522
1230183666552360960
1230183644368719879
1230183365812375553
1230183256198438912
1230183247436533760
1230182814294970370
1230182615598215171
1230182550183739399
1230182328259031041
1230182147455057920
1230182126500352001
1230181273957797895
1230180865675857920
1230180319418028034
1230180209783119876
1230179164147372036
1230178818054377472
1230178510305710082
1230177914991366144
1230177850659164166
1230177317198204928
1230176679106052099
1230176617454018562
1230176130809974784
1230175667268001792
1230175505678323712
1230175213947670530
1230175037950431233
1230174941657563139
1230174890663260160
1230173748013215747
1230173689041313793
1230173557113708546
1230173528646877184
1230173508023570432
1230173353618612226
1230172595183480835
1230172170573221888
1230171270097952770
1230170982066855942
1230170394625236992
1230169932249391110
1230169245016875008
1230169155082407937
1230168392767885316
1230168291987132421
1230168288530923521
1230168048662872064
1230167283928047616
1230167266613956610
1230166358119370763
1230166172810612736
1230165390816403457
1230165232758280193
1230165134036946944
1230165098448277506
1230164540660297731
1230164185151090688
1230163773954183168
1230163398635204614
1230163392901636096
1230162961416802305
1230162860770115584
1230161667826298882
1230161537236635648
1230161524238450689
1230160980111503360
1230160774917652480
1230160619736838145
1230160522605101057
1230160246271664128
1230160198519721984
1230159487203520514
1230159415963275264
1230159144809684992
1230158116723003393
1230158046866952194
1230157773935140866
1230157665583718401
1230157153652105216
1230156334890393602
1230156272282017792
1230155974348083202
1230155938197319682
1230155268811558912
1230155128860282881
1230154723833122818
1230153777296158721
1230153322067300352
1230153253687562240
1230152651339423744
1230151518613123072
1230150645392531456
1230150599158779905
1230150554908844034
1230150266583998469
1230150214994071553
1230150119128993793
1230149049245933569
1230148705883500545
1230148278345441280
1230148206325006336
1230148100527968256
1230146909928595460
1230146679552270337
1230146571309928451
1230146304560566272
1230145863667847170
1230145617445445632
1230145501129052160
1230145426311073793
1230145255128825862
1230145018632925184
1230143966412263425
1230143945402810368
1230143005073592327
1230142860663672832
1230142300824555521
1230142081458475016
1230141798753951744
1230141495111491585
1230140817869856768
1230140479985143813
1230140076526620677
1230138933981450241
1230138906168963073
1230138833800433665
1230138567491538944
1230137134977253377
1230136998532390918
1230136795368771584
1230136666100260864
1230136565789339648
1230136409585049603
1230136192450125826
1230136180383125505
1230136142726672385
1230135607323693056
1230135482891358209
1230134941217935360
1230134471799836675
1230133706234507268
1230133642002882560
1230133320723206146
1230133054892597249
1230132887808286721
1230132522933260288
1230132018727522306
1230131575607656448
1230131374805409792
1230131137957130240
1230131137634279424
1230130738319777792
1230130685287043073
1230130666605600769
1230130337549778945
1230130254653644801
1230130189478367232
1230130105713819648
1230129780152045574
1230129587629232129
1230129518087692289
1230128837197017090
1230128660411297800
1230128280193392645
1230128007584665601
1230127704219045888
1230127271203295232
1230126311584206848
1230126143061348353
1230125932293316609
1230125632065036293
1230125513441759237
1230125447708631042
1230124887467008002
1230124615441186817
1230123627632308224
1230123228204609545
1230123114383716352
1230123103168102401
1230123033634930689
1230122322960539650
1230122258095579136
1230122104034648064
1230122017279574018
1230121818457071618
1230121704753631233
1230121276460720129
1230120892589580294
1230120859169361920
1230120723018108930
1230119490010206208
1230119262544711680
1230119079475896321
1230117132593225729
1230116866313637889
1230116578974453761
1230116355782979587
1230116040111202304
1230115897773318144
1230115790503976960
1230115708492750848
1230115610757074944
1230115444272648197
1230115270007689217
1230114990490820608
1230114460674732033
1230113711810961410
1230112960321916929
1230112739244290048
1230111354268327936
1230111299356499974
1230111149116575744
1230110988973879299
1230110518238728193
1230110173307396097
1230110082609876992
1230109985620795392
1230109974535254017
1230109876824739841
1230109053382266881
1230108827388870656
1230108365381963777
1230107846647406593
1230107262942879744
1230107199151587331
1230107168520556544
1230106893970018307
1230106719461740546
1230106568299073537
1230106331589357569
1230106183610052609
1230105298297393157
1230105242685132801
1230104425559154688
1230104376406106113
1230104123867095041
1230103371740262404
1230103371165683714
1230102786710351872
1230102643021840384
1230102170659381248
1230101782904348673
1230101248122249217
1230101024037359616
1230099823283593219
1230099371779403776
1230099144259145732
1230099000591888384
1230098634596851715
1230098345479282688
1230098109436506115
1230098089953939456
1230097575589666818
1230097194646200320
1230097114618847233
1230097096495243264
1230095802758057984
1230095756306063365
1230095616312778752
1230095294420979720
1230095007195058176
1230094817838981120
1230094707742691328
1230093627541671937
1230093297391165445
1230093106730733569
1230093085817872385
1230092128010801157
1230091935404232705
1230091506146512897
1230091196325859329
1230091192580349953
1230091046811586567
1230090607617597441
1230089797160591360
1230088664224497665
1230088662710464513
1230087164303683592
1230086685796503552
1230086350826876928
1230086132899205120
1230086070324355072
1230085924240920576
1230085560724860928
1230085148919635969
1230084984645541888
1230084864210276353
1230084741187043328
1230084700510867460
1230084663697444864
1230084535817293827
1230084510425010178
1230084352744267781
1230084260754796544
1230083749494345728
1230083545709895682
1230083515766779905
1230083111691718656
1230082804639313929
1230082750515904517
1230082442201042945
1230082298105810945
1230081441415008256
1230080879189483521
1230080747098247168
1230080123312967690
1230079740515639298
1230079208233340928
1230078908688666624
1230078462846816258
1230078258051473408
1230077984347959299
1230077762733514752
1230077389532811264
1230077134196133888
1230076961189437441
1230076412683587585
1230075906904879106
1230075695407091712
1230075556248596481
1230075217550204928
1230075051493543937
1230075043054526466
1230074708651016192
1230074364181336064
1230074307629535232
1230073930116980742
1230073222210686976
1230071914321924097
1230071723044851712
1230070823496691713
1230070621129846785
1230070421657149441
1230070304665456640
1230070071701254144
1230069625406337027
1230068546174115841
1230068329005617152
1230068218297036800
1230066362124468229
1230066341626990592
1230065738578321408
1230064998006902787
1230064097942745089
1230063533481697280
1230063357983485952
1230062205078507521
1230061556236537856
1230061010951770117
1230060986922483713
1230060299941765120
1230059746855534593
1230059447008907264
1230058571079000064
1230057832801763330
1230057427191631872
1230056955550433280
1230056452523298817
1230056145512992768
1230056129377587206
1230055380916502528
1230055379846991872
1230054570275098624
1230054304339419136
1230053000699416576
1230052641897623553
1230051336219131904
1230050947428241408
1230050639054503937
1230050489514983424
1230049788047101952
1230048148086775808
1230047679226531842
1230047375592501248
1230047166485454848
1230047155462778881
1230046814277165056
1230046286025494529
1230046171764285440
1230044159374954499
1230044129184436225
1230043712832593920
1230042665535840256
1230042458026844160
1230039846510612480
1230039742621810689
1230039448177532928
1230037715627991041
1230037551546851328
1230037091079331844
1230036999362555904
1230036406476689408
1230034876612726784
1230034720223891456
1230033462377271296
1230033303287132160
1230031735280283648
1230031711204970498
1230028266314051585
1230027696475922432
1230027230346170368
1230026976523640834
1230026295830089728
1230025887745265665
1230025049828024320
1230023139217870849
1230021574742376448
1230020562195537920
1230019963102154752
1230019842318782466
1230018413059137536
1230018146427375616
1230017481952989186
1230016791042281473
1230016000701161472
1230015538505478144
1230014774886486016
1230013297468100608
1230011221367230464
1230009829697236992
1230009233485303809
1230008754139209728
1230005189358374914
1230000460465131521
1229998559862366208
1229993396216795136
1229993354005446656
1229993338033627136
1229992324643655680
1229991785385979905
1229990988078342144
1229988712693497857
1229985564864237571
1229982691094720513
1229978349356929027
1229969105786146818
1229965082760634368
1229961399868129280
1229958386592178176
1229948351023583233
1229948349157007360
1229943097502683136
1229943088606523392
1229941161550200832
1229939204571963392
1229936409106092033
1229935434010169345
1229931125382033408
1229929905531559938
1229928915692670977
1229928467652923394
1229927717719728128
1229922940675858433
1229922747473702912
1229919404873408514
1230273521282174976
1230271225596915718
1230268717818372096
1230268294948626440
1230267191343403011
1230266389782573056
1230265552322678785
1230264655047733249
1230263628181450757
1230258318058426373
1230256054283403270
1230251459528159232
1230249009618530304
1230248886935150594
1230247697652887555
1230246833949204481
1230245184639770624
1230243155003551745
1230241540452356097
1230239673164976128
1230238345697071111
1230238302869106688
1230234702092566529
1230234275343106049
1230231921927622656
1230230402742280194
1230228153169272832
1230226682952474625
1230226212418719747
1230225809895559168
1230221961629962241
1230218659353780224
1230218327227678722
1230217230052478978
1230213183899652097
1230212959323881472
1230212870715170816
1230207726904643585
1230207497346088960
1230204535018270721
1230203112813662208
1230194084150566912
1230192617918533632
1230191878819262466
1230190138044698628
1230187793256677376
1230186250390384642
1230186132664705024
1230186000770572291
1230185404634222599
1230184741846081541
1230183652874690561
1230183382220406787
1230182581351714817
1230176871985401856
1230176472041742337
1230176337962422272
1230173951575412736
1230173495931346945
1230171911113641986
1230171674894573571
1230170896943456258
1230168993882869767
1230167720127234052
1230167617912135680
1230167268694294529
1230166196722384898
1230166154636877825
1230165143595540480
1230164427162427392
1230163366976655366
1230162041513611264
1230160499947589633
1230160152021655553
1230149868204810240
1230140879320551424
1230139008719687681
1230134248419536897
1230133593864884224
1230125798297866241
1230123759568379910
1230117709918199809
1230117677525544963
1230116047409340418
1230111090492633088
1230111037128630272
1230110988973879299
1230106551802847233
1230103147827408896
1230099713061507077
1230098200385740801
1230098015245029381
1230097510619926529
1230096571729162240
1230095292776796160
1230095077067890688
1230091164218515457
1230090954914357248
1230090327572336645
1230089798418911237
1230089074314240000
1230084432876494853
1230081893242195969
1230080920193032193
1230076503679000576
1230060851878514688
1230058587151589382
1230055720281923584
1230053549985476608
1230048887102156800
1230048299471835136
1230045864208609280
1230045030930358272
1230041807569944576
1230041570721910784
1230040743416401920
1230040219719806976
1230034649751130113
1230033462377271296
1230023835417747456
1230019636554555392
1230009116757643265
1229992769109794816
1229952657982476289
1229948750082301952
1229942773199130624
1229940032473047040
1229933617767313412
1229927224100446208
1229921540835364866
