id
1219409113429442562
1219405495322075136
1219404784530337792
1219404104331493376
1219403881773326336
1219403319904538625
1219403102438207489
1219402709746495489
1219401635320995841
1219401313194213376
1219401004292214789
1219400585377697792
1219400472437518336
1219400463927463941
1219399454408593409
1219398025942130688
1219386622040584193
1219381772355375105
1219377744812871680
1219375937361530880
1219374014352842752
1219372306495156226
1219371600946044928
1219371510638489603
1219365950232899590
1219365611446439936
1219365041251717121
1219364061978210304
1219363974312906752
1219361106231283719
1219360908381753345
1219360874999230464
1219360196998287360
1219359719128805377
1219359302412046338
1219358868540665857
1219354818050961415
1219352794408345600
1219352647242862592
1219350816110321665
1219347734546743297
1219347302072176640
1219345098070089728
1219344083526782978
1219343695004229632
1219342413023662082
1219341322680582144
1219341322550558720
1219340105745358848
1219339762202488839
1219338928085438467
1219337632980905991
1219337548025225217
1219335778926460928
1219335316491948032
1219335226838716417
1219334624918364161
1219333831439683584
1219333477570678786
1219333269939986432
1219333142110179328
1219332622423416836
1219332580165718017
1219332359381712897
1219331710078406658
1219331012410388482
1219330863000887296
1219329998248497154
1219329877398245376
1219327229924139008
1219326909345038336
1219326509757890560
1219325766309154830
1219325751566262272
1219320640005660673
1219317649051504642
1219317337838452737
1219316121372971009
1219316101806424064
1219315954670362625
1219315402011889664
1219315224358064131
1219314898426986497
1219314654696157185
1219314241859129345
1219314204714266624
1219313442001248256
1219312759831236612
1219311889651589120
1219311290243526656
1219311125457555457
1219311124266414091
1219311013247508480
1219309954655539202
1219309124158214145
1219308294679953409
1219306890213175297
1219305995190575106
1219305177221664771
1219304887613296640
1219303601400508416
1219303575504990209
1219303219760979973
1219301977961660418
1219300701291061250
1219300264152326145
1219297718922895360
1219293136079421441
1219290386058878978
1219289677724819457
1219288479579795456
1219288478325735424
1219288477998575618
1219287149356486656
1219284699501060096
1219281954136363009
1219280924631818243
1219277393988407296
1219277150269865994
1219276561649557504
1219275321813487617
1219274644257222658
1219273375819780096
1219271761025544197
1219271395915550724
1219270301042823169
1219269697096617984
1219267879696289794
1219265826370404353
1219265170079395840
1219263268654604288
1219262050758619141
1219261798735499264
1219258278573592578
1219258142774779904
1219257800012050433
1219256304918827009
1219255892618686464
1219254987924148224
1219254607806943232
1219254500860420098
1219253861463945217
1219253170905538561
1219251424531505154
1219250652519464960
1219249972564152320
1219249385382518784
1219247073754697728
1219246761929330694
1219246461441003520
1219246445917851649
1219243179607719936
1219242872475533312
1219242786953797635
1219241640289886212
1219240945310367744
1219240911227576320
1219239017037864961
1219238425276055558
1219237397688471552
1219236938286235648
1219235626165211136
1219235068964634625
1219234202547376129
1219233879770517504
1219233837819011073
1219233519962132480
1219227747656007680
1219224806882672643
1219220527895605251
1219219524043538432
1219218653620645889
1219218358501019648
1219213706451726337
1219213596619689985
1219213573169336320
1219212123080994817
1219211757643694081
1219211752434434049
1219211713377193985
1219210219772874753
1219210202102337536
1219209927673237504
1219208467854057472
1219207943746400256
1219207817992835074
1219205503894675456
1219204149860016129
1219203536376025088
1219203117339881472
1219200797864579072
1219200765681635329
1219200748434620418
1219200604767248384
1219197879878868992
1219196731532902402
1219196080325197826
1219195548722483200
1219195305511596033
1219190929996693504
1219190446049636352
1219190236514803713
1219190195435790337
1219188890822750208
1219188141980078082
1219188053744504832
1219187994642522112
1219187940322152448
1219187418068410368
1219186884867493888
1219185653998596096
1219185329149825026
1219184036498722818
1219184005402234880
1219180199616622602
1219177289776345089
1219175229206953985
1219175229089386497
1219175065570480128
1219174751421304832
1219173688987332608
1219173644846411776
1219173579155218432
1219173555323252736
1219172894498082816
1219170680366866432
1219170083949379585
1219169227543851008
1219169089521954816
1219168936882630657
1219168898949533696
1219168878057721858
1219168623807356928
1219168017763983365
1219166213231796224
1219165078420905984
1219165021399396352
1219164504669421569
1219163903541858304
1219162811386998787
1219162645313376256
1219161768041250819
1219161579457064960
1219161283444006912
1219160632035028992
1219160265800867840
1219159048433684482
1219156455590223872
1219155824435744770
1219155444305997825
1219154341766082560
1219152660571574273
1219152133620224005
1219150062384631808
1219149763205115904
1219149203630436353
1219148559989313536
1219147883724886016
1219147664987762688
1219147441649455104
1219145865589350400
1219145455688351744
1219145029182095361
1219145029102424064
1219144792984170496
1219143952755916800
1219143226457755650
1219143170669400066
1219142580736274433
1219142512662568962
1219142471004958720
1219140856193671170
1219140544431054848
1219139005742309376
1219138820362338305
1219138699058995201
1219138216080629760
1219137519297683456
1219137518886670336
1219135537501691904
1219134678835388417
1219128537673797632
1219127816735928320
1219127413159997441
1219126621837369349
1219126423530745856
1219121749004034054
1219120555581939712
1219118788706291714
1219118090178433026
1219117124645457920
1219117050930454529
1219112313648828416
1219108506906824704
1219107570889170944
1219098258062168064
1219097849415323648
1219097785376681984
1219097214066331653
1219096220011986945
1219090922534662144
1219087682761940992
1219087148822953984
1219086355499835393
1219083711888744448
1219083110052134912
1219080856234549265
1219077082480816128
1219077081478254592
1219074734350094340
1219074564749172736
1219074370053664768
1219070427252871168
1219056948751953920
1219053969898704898
1219050529227247616
1219050212666245120
1219048946686988290
1219048631799635971
1219379073778057216
1219373644134129664
1219372497147133952
1219371619082174467
1219371251426308096
1219368263651557379
1219364798858698757
1219361634885521410
1219358816913018882
1219350753187418115
1219350490451935233
1219349625062219776
1219349578648080385
1219348996893872130
1219347147415531520
1219345830353698818
1219345170296119296
1219342937852731392
1219334666551013381
1219334283137048577
1219328354140278784
1219327263549935617
1219326549469646853
1219325312531599361
1219324379642957825
1219324290828513281
1219318990373314561
1219318799830331399
1219313662038626306
1219310123186892800
1219303522191257600
1219302153765957637
1219295777442410496
1219288678557798401
1219278751009296384
1219273692418596864
1219265421536305153
1219262941821841409
1219253568030629891
1219249279535144961
1219246125934399490
1219243366921187328
1219243178668240896
1219235322166480896
1219235049394130944
1219224769222127616
1219222230753796097
1219216500088807425
1219202910795382784
1219193172435357696
1219189411356774400
1219183370443292674
1219179977800896512
1219177750327484416
1219173598692356096
1219167614745874433
1219164438223314944
1219162346398064640
1219162129728724994
1219157612219887616
1219157227753353216
1219145758122938368
1219144216628035584
1219140714963066881
1219134669826011137
1219133520876122112
1219131482943430656
1219126735842746368
1219126246161965057
1219087328985210881
1219081630851174400
1219047191580377093
1219375189173133317
1219363974027735040
1219338264315932672
1219336159610003456
1219231851375742976
1219185581185478657
1219373920152969216
1219356576215195648
1219353918691598341
1219350193281425408
1219348877800804354
1219348874684510208
1219345998318854146
1219332099146223616
1219330451099279367
1219329281454755842
1219325779001081862
1219322985548517376
1219307349124493317
1219301596196155394
1219297852213661696
1219291007390572544
1219280925793640450
1219275891735289856
1219275453531348993
1219266947340173312
1219246682996727808
1219230947242958849
1219230809015705600
1219216046005063685
1219203915612401669
1219199673900195840
1219190527008047104
1219181105674424320
1219178866238988288
1219153651069018112
1219136274772234240
1219136018231644160
1219117606889836547
1219394948015017984
1219394431691956227
1219392734315909123
1219387771590258689
1219387582565490689
1219386566487027712
1219384159984062469
1219383288890118144
1219381406041878535
1219381016521035777
1219380781073805313
1219380351820161030
1219379907337256960
1219379600180105221
1219379509159518210
1219379072985391104
1219378639537610754
1219377909082808327
1219376093133778957
1219375769253793792
1219374125950611457
1219374035080970242
1219373427712282624
1219373223277735936
1219370191114534912
1219367695625478144
1219367527920361476
1219363944231555072
1219362699932467202
1219362063950254086
1219361001633648640
1219359934862839808
1219359501792444416
1219359200083505152
1219358018778910728
1219357703979569152
1219356900623572992
1219356166200926209
1219355864676605958
1219355156799795200
1219353859749040129
1219353669486944257
1219352524362305536
1219350345266159627
1219349767869743104
1219349004292673536
1219347525439717376
1219347277615108098
1219346938660827136
1219345334691864577
1219344322233020416
1219342311815073792
1219341749606326272
1219341691729203201
1219341551022804993
1219340235156402178
1219339809904373761
1219339697740308480
1219339608082866176
1219339605293641728
1219338059889639424
1219337603746607106
1219337595789938688
1219337558657769472
1219337506476433408
1219337384388591616
1219337291535147008
1219336790290681856
1219336623260884993
1219336461813723139
1219335100288184326
1219334603380531201
1219333962671312896
1219333879397527553
1219333842097577985
1219333554339033091
1219332940531892226
1219332565322158080
1219332000269701121
1219331715338031105
1219331463067381763
1219331278941630464
1219331185945522176
1219330992034525186
1219330438789050368
1219329146742018048
1219329049224413184
1219328915744923648
1219328424604524545
1219328387627601925
1219328195884994560
1219327879705714689
1219327829868974080
1219327667561992193
1219327232285532161
1219327070779662336
1219326208044826631
1219325378470215681
1219325276490018816
1219325238720258059
1219324750507409409
1219324736695689217
1219324461784150017
1219324343446048770
1219323810102611968
1219323553516048384
1219323379594952704
1219322917571440651
1219322106065956865
1219321914499510272
1219321187567841282
1219321053966630913
1219320699015266304
1219320625451405317
1219320462477594625
1219320447134814208
1219320299717566464
1219320077843140610
1219319943851905026
1219319797055479808
1219319577215152128
1219319446541565958
1219319272410963973
1219319163795189764
1219318197859573760
1219318190355947520
1219318182105767942
1219317719801192450
1219317688016809984
1219316165929054211
1219315964866715648
1219314930928771072
1219314741614710786
1219314151069188099
1219314000342798337
1219313692732465152
1219313225331769344
1219312439575162880
1219311878641528833
1219311157607108608
1219311123549294604
1219310838466732033
1219310068598001665
1219309894291070978
1219307827040260097
1219307402299936769
1219306114774224896
1219305495187656704
1219304817170046978
1219304779664502786
1219302488140107777
1219302029488685057
1219299864804319232
1219299204390117377
1219298540620591104
1219298086104838151
1219297256853135360
1219296464775667712
1219296161749721088
1219296157555462146
1219296153235349505
1219295354606235648
1219295200465555461
1219295069049708544
1219294311118004226
1219294115604652034
1219293239682961408
1219293063522258946
1219292287936745473
1219286647558361088
1219285811864182784
1219284748402597888
1219284545331175424
1219284542806282246
1219283972649357312
1219283757737369600
1219281628868042752
1219281041569013761
1219280028728549376
1219279198310883335
1219278928218480640
1219278613910052864
1219277974463287296
1219277564230893568
1219277418659270657
1219277193903333376
1219275528789798912
1219274723735101441
1219273741978554369
1219272790626447361
1219271613478129665
1219270877939789825
1219270546296320000
1219270383540420608
1219268356102131712
1219268072764252160
1219267435456606211
1219265977747230721
1219265669595664384
1219261936518533122
1219260263519703043
1219259647976255491
1219257591118753793
1219257411556560896
1219256672767610881
1219256105198673921
1219253630945067009
1219252941263196160
1219251076450439170
1219249214833811456
1219247583153049600
1219247576685469697
1219247570037485568
1219246147971297281
1219243475801079808
1219241746242199553
1219240288876670976
1219239535990755330
1219236748405944320
1219235816133799936
1219235518061404163
1219234838525435904
1219234764235988992
1219234345615085569
1219231312424456193
1219230180381728770
1219229828374761472
1219228790074806272
1219228633706967040
1219225876950331392
1219225133698748416
1219224750146424834
1219224410223185920
1219223407511863296
1219223135922331648
1219223006448320513
1219222457233690624
1219221399107141632
1219220339013685250
1219220270004744193
1219220160483069952
1219219286344060929
1219218590953504773
1219216831887630338
1219216092012457986
1219215649723035648
1219213759945809922
1219213011509891072
1219212103116115969
1219210853972496384
1219209183632949248
1219208252644372480
1219207387455926272
1219205003300286464
1219204499614633984
1219204003994701825
1219203510983647232
1219203363948191744
1219203070086799362
1219202043547512833
1219201725778878465
1219200808639782912
1219199777428004864
1219197878637334530
1219196918959628288
1219194937729781762
1219194832540917760
1219194386329849856
1219192282106269697
1219190789701545986
1219188661234864128
1219188021200916480
1219186002910158849
1219185707484270593
1219185332463243265
1219185206315442179
1219184675521888257
1219183905749729280
1219183149059657728
1219182412137226246
1219180852967542784
1219180364142469122
1219179893843357697
1219179763048370176
1219179755574046720
1219179747726458880
1219178670364884992
1219178176317779969
1219176117971476480
1219175473709797377
1219174741291855873
1219172586195759105
1219172347715956736
1219172171425161216
1219168461341057024
1219168138434097152
1219167413989711872
1219166907259129856
1219166591373365248
1219165556949114880
1219160151795564545
1219158405102874624
1219157285781590016
1219157253846175745
1219155867049844737
1219155493933002752
1219154778795790336
1219154490626117633
1219152654636634113
1219149866401718272
1219149686004690944
1219148823425167366
1219147551137587201
1219147445902376961
1219146798918520832
1219142811385090048
1219141681469181952
1219141538934116352
1219141269487865856
1219141006743998464
1219140109443964928
1219137557017104384
1219135589393498113
1219134964668731393
1219134486526427137
1219133904902393856
1219133708214718464
1219131289854451714
1219130985310310400
1219130837666607105
1219130597844684800
1219128985029922816
1219127575894724608
1219126476890611716
1219126181871616001
1219124157381861378
1219123541213437952
1219123452952633345
1219121773674930177
1219119764871827462
1219117015559962624
1219116976045527040
1219116779810754562
1219109134198542336
1219107280425234432
1219100767539355648
1219093536752177152
1219080098328064001
1219077309669560322
1219049223393595392
1219380905304825858
1219371332040904704
1219323755345973250
1219321874380926979
1219319049198370826
1219314100322349056
1219313502311063554
1219279625483968515
1219274725832187904
1219273463631962114
1219138990923747329
1219398892556640256
1219394171905011712
1219387347407720449
1219386327596195842
1219330647187173376
1219309426030583809
1219306771082371072
1219276854634274816
1219213425588547584
1219203797081362432
1219148630453628928
1219145810543284224
1219093008462897152
1219049158276976641
1219408731575857158
1219408420039688192
1219408339777609729
1219407301213216768
1219407239389335552
1219407231420157954
1219406565712809990
1219406136891314177
1219405640105451521
1219405150391033856
1219405119843860487
1219404410335506433
1219404168655515648
1219403800777306115
1219403122654818305
1219402470935465985
1219402467969990657
1219402363301171201
1219401716514394112
1219401673598107648
1219401009908404224
1219400841469333505
1219400720341966849
1219400480058535936
1219400462300065792
1219399958903820291
1219399871846866944
1219399778351665159
1219399671732494337
1219399491381616640
1219399472884699136
1219399448020881413
1219399085951803392
1219399013272817664
1219398647898570754
1219398354091814912
1219397772782325760
1219397604024487936
1219397567441723397
1219397463620182017
1219397078104887297
1219396809480638465
1219396807018586113
1219396665297326081
1219396264804126720
1219395907688464387
1219395890491863041
1219395712175222785
1219395702385717249
1219395641073422336
1219395358436024321
1219395319470940160
1219395178944921600
1219394605298409474
1219394507516645376
1219394116473311233
1219392710328619008
1219392116092284928
1219392091958272001
1219392018352418816
1219391996642648064
1219391981970915328
1219391847354728448
1219391024973385728
1219391019789246465
1219390781594767361
1219390591454281728
1219390508746846208
1219390034375323648
1219389616723238913
1219389317128155136
1219389138979508226
1219388789665255425
1219388509401833472
1219387923293986816
1219387567558266880
1219387503293104131
1219387155266621442
1219387072496197632
1219386879759605761
1219386692655886336
1219386539697938433
1219386322772729856
1219385861936177157
1219385744894177292
1219385656826265606
1219385567747723265
1219384861426946051
1219384303882207232
1219384255232512000
1219384150664323074
1219383719477334022
1219383712959336448
1219383499129524229
1219383481354137601
1219382758037950465
1219382444480258048
1219382420891480065
1219381617447309314
1219381536660701184
1219381367189987334
1219381287846326274
1219380701784694784
1219380693836488705
1219380225399775232
1219379688805629959
1219379434177867776
1219379239537070091
1219379236236070912
1219379119571591170
1219378871793078277
1219378554208706561
1219378519282790400
1219378108924600322
1219377906662592512
1219377585173471232
1219377315588845568
1219377200866172932
1219377153172811777
1219377115482771457
1219377089775853568
1219376980627509249
1219376949979766786
1219376871873437696
1219376869872754688
1219376690419372033
1219376650636484609
1219376365599973376
1219375981099737088
1219375842683424768
1219375321293697025
1219375296693932032
1219375276955664387
1219375198589288454
1219374902576369664
1219374618877812741
1219374263163138049
1219374161425944576
1219373874057547777
1219373783510851585
1219373445642891265
1219373254655332356
1219373145402068993
1219373048467464193
1219372915730370560
1219372810008702976
1219372601539207168
1219372596644454402
1219372169609662464
1219372148936060930
1219372118170836992
1219371828466024454
1219371704813793281
1219371467567173633
1219371232740696067
1219370997838761986
1219370258319970305
1219369947312328712
1219369794287341569
1219369749970288640
1219369459355279360
1219369285312708608
1219369141053919232
1219368999018029063
1219368965572567042
1219368514068340737
1219368422619914241
1219368378210582535
1219368306622312450
1219368281729007617
1219367922520424450
1219367884926996480
1219367757579530242
1219367533721026561
1219367490494631941
1219366897206071296
1219366742851538945
1219366546994278400
1219366346212941830
1219366217938456576
1219366200737763329
1219366186577801223
1219365690035122176
1219365675686354944
1219365662084210689
1219365033857122304
1219365033425154055
1219364922330701824
1219364494213894145
1219364477830860802
1219364430158401537
1219364410226958336
1219364038431379458
1219363974841430018
1219363894629748737
1219363657718681600
1219363638999486469
1219363232697241600
1219363214057709574
1219363143526371330
1219362689882972166
1219362324403884032
1219362147668545536
1219362121777065985
1219362054634602497
1219361742117056523
1219361532674482176
1219361355347779585
1219361332161654784
1219361165471571971
1219361142839087104
1219360862135373826
1219360829793034245
1219360797622665218
1219360639744987146
1219360634049048576
1219360543468814342
1219360486405308417
1219360455694655488
1219360302690717697
1219360275687792641
1219360222650613760
1219360160629563392
1219360129482731520
1219360124831174656
1219360060003901440
1219359817057304576
1219359743254376450
1219359574781833217
1219359364022263808
1219358801029148672
1219358236559671298
1219358211393970177
1219358041759518726
1219358010289610753
1219357951472873473
1219357874264137729
1219357820874870784
1219357669418590208
1219357520940146695
1219357520663339010
1219357328379695106
1219357301846552576
1219357283253149696
1219357237824696321
1219357222523809792
1219357014117232640
1219356987231739905
1219356913823027201
1219356865076789249
1219356553683316736
1219356423588442112
1219356373529649152
1219356313446232066
1219356308832505856
1219356169510236160
1219355677145083910
1219355452733108224
1219355340879298563
1219355201867567105
1219355093989982209
1219354801227673602
1219354640615124993
1219354617936580609
1219354393084145671
1219354111600140293
1219354100376244224
1219354049331572736
1219353743910744064
1219353719105642496
1219353556395925505
1219353543133618177
1219353211661967360
1219353172201951232
1219353077477756928
1219352992287248384
1219352974260088832
1219352941821227008
1219352439029227522
1219352363523280896
1219352361983971338
1219352251850018817
1219352184648802304
1219352078566510592
1219351480894922752
1219351410212515843
1219351183011262467
1219351021819957248
1219350910410919949
1219350841951510533
1219350839426535425
1219350728105517056
1219350549608443904
1219350191310036997
1219350006647443458
1219348917613142019
1219348873782681602
1219348392096292864
1219348157559136257
1219347917061918720
1219347903908544513
1219347818109902848
1219347627352973313
1219347553633886209
1219347264277270530
1219346914027737089
1219346860902502400
1219346755294285826
1219346661761261568
1219346365140152320
1219346209321648129
1219346012541726721
1219345765098835971
1219345665970655232
1219345486018015232
1219345312978014208
1219345282367922177
1219345132505399296
1219345112729313285
1219345006554755072
1219344633043570692
1219344258429267968
1219344231803817984
1219344136949637120
1219344016715763712
1219343591262298112
1219343098221932544
1219342800757690372
1219342546280878080
1219342497794666504
1219342483685040128
1219342472884772865
1219342415762468868
1219342247344427008
1219342231036928001
1219342175856664576
1219341883702415360
1219341477496737792
1219341444432920576
1219341376560738304
1219341316263489537
1219341207123283968
1219341022444040192
1219340747641688072
1219340674312626179
1219340432699731968
1219340230635008000
1219339841416187911
1219339821493235713
1219339764660428800
1219339758645731328
1219339492009619458
1219339433008336897
1219339357418655745
1219339093844418566
1219339083866103808
1219339003721322502
1219338899127926784
1219338823768977408
1219338806312128512
1219338707322527744
1219338360591876096
1219337777512357890
1219337547815555072
1219337511249555456
1219337424012283906
1219337415535616001
1219337205526691842
1219337174400864257
1219336905701183490
1219336867226816513
1219336766727098369
1219336714872918017
1219336622954745858
1219336306314153984
1219336163724578816
1219335926444363777
1219335822937329665
1219335786090455040
1219335761763454978
1219335566258470912
1219335548348829700
1219335477528088579
1219335198783016960
1219335115010183168
1219335006956544002
1219334968989638663
1219334885996924929
1219334746813145088
1219334713833336832
1219334674507554818
1219334650474258434
1219334635861303296
1219334416830431235
1219334416784330752
1219334374732238848
1219334223762526208
1219334192338784263
1219334071647686656
1219334071249199104
1219334057991065606
1219333971592368130
1219333959420665858
1219333883071737857
1219333883029749762
1219333854655320072
1219333844114997249
1219333774456098816
1219333564573143040
1219333377276424194
1219333254211362817
1219333228256993280
1219333151505424384
1219333089480126464
1219333029187006464
1219332903966060546
1219332854376804353
1219332801037832193
1219332777356734465
1219332692648583171
1219332631147556865
1219332630421831680
1219332092003307520
1219331988676644866
1219331610019016704
1219331135672606724
1219331131939729409
1219330845514850309
1219330782235430917
1219330745950449664
1219330628610596866
1219330601381191680
1219330407805726720
1219330245075054598
1219330006188470272
1219329928266682368
1219329818233208832
1219329783957422080
1219329534400569346
1219329435133972484
1219329389910990853
1219329066043682818
1219329049681715200
1219329037610385410
1219328888658153472
1219328734785953798
1219328505810432002
1219328423312556032
1219328065660248064
1219328026300833792
1219327923708211200
1219327799212879877
1219327728152928257
1219327716371111937
1219327633596481536
1219327625971339265
1219327510195949568
1219327379761438720
1219327363323838464
1219327165759655942
1219327128409399296
1219327097732259840
1219327042929537025
1219327021492375553
1219326785705385984
1219326716058927104
1219326407014277123
1219326223895187456
1219326015740301312
1219326004705071105
1219325739666935808
1219325561472016386
1219325547676930049
1219324545116659713
1219324497704161281
1219324347174748160
1219324170632384513
1219323808873701376
1219323751206195200
1219323653940240390
1219323582846767106
1219323481923510279
1219323278772396032
1219323242256781314
1219323189697884160
1219323117706805248
1219322786000375809
1219322723987607552
1219322318796795906
1219322130661363712
1219322084255522816
1219321943620497420
1219321797541273600
1219321515134652417
1219321363804180487
1219321210070323206
1219321199576125440
1219321061419966465
1219321025147604992
1219321024552013824
1219321003395948547
1219321002116681730
1219320967819866113
1219320894100852736
1219320774999314432
1219320720620171264
1219320715654111239
1219320539757666304
1219320459218407426
1219320449114374145
1219320435424272386
1219320324489195521
1219320051804921856
1219319997513830406
1219319983408320513
1219319855868006403
1219319659108937728
1219319535863566337
1219319499989626880
1219319350685044736
1219319260725633025
1219319243650555905
1219319199803346949
1219319122372239367
1219319094404624385
1219318949244022791
1219318771539726336
1219318656892575744
1219318641323323392
1219318533777051648
1219318466378981378
1219318304520667136
1219318173922664457
1219318172421181440
1219318054628118531
1219318049817403400
1219318038983585793
1219318014992158720
1219317925355696128
1219317848977432583
1219317610623504384
1219317446424891393
1219317297812312066
1219317284830961664
1219317199338381317
1219317072834056205
1219317067377250305
1219316812346798081
1219316556456505347
1219316444359544832
1219316401137180672
1219316122195054592
1219316077395632128
1219315632056958978
1219315394709770240
1219315283933978624
1219315077456826369
1219314939665342464
1219314898414505989
1219314851153137672
1219314603802402818
1219314529932316675
1219314395202891777
1219314368405561345
1219314326290542592
1219314250465841154
1219314237237026816
1219314088171405312
1219314017832964103
1219313950510276608
1219313628039589888
1219313587199582208
1219313570900475904
1219313534120747010
1219313283204812802
1219313247662329860
1219313222924296198
1219313103625736194
1219312970854993920
1219312569405579267
1219312526883721216
1219312451071696908
1219312419882897408
1219312390275313664
1219312276760457217
1219312268623732737
1219312109370138627
1219311981380931584
1219311895087329281
1219311833322008578
1219311756042031105
1219311699213373441
1219311683765788679
1219311613444087815
1219311575095443456
1219311510368989186
1219311464739155969
1219311180013096960
1219311134282539013
1219310983308554243
1219310841364959232
1219310752705712128
1219310678500089856
1219310515744321537
1219310405706756096
1219310324656091138
1219309857666404358
1219309852578676737
1219309612295499777
1219309461430525953
1219309450034585600
1219309333265158144
1219309174716346369
1219309126431531009
1219309106873454593
1219308988950597638
1219308729612623874
1219308691532500992
1219308668640022528
1219308517816926210
1219308491493584896
1219308475853037568
1219308469389615104
1219308223620096001
1219308211569942528
1219308155596890113
1219308113440002049
1219308087825379331
1219307980388229132
1219307916303437824
1219307590112436224
1219307523632771072
1219307486395752448
1219307169633439751
1219307039727505410
1219306998757515264
1219306947528286211
1219306925524951040
1219306893547581440
1219306725406388227
1219306560180183043
1219306411722772480
1219306128808513538
1219306106863988739
1219306023908933635
1219305994854989824
1219305929142759425
1219305659944128512
1219305608005943297
1219305558790021125
1219305547801026560
1219305429412564993
1219305214777417728
1219305098217762816
1219305024054005761
1219304865328959490
1219304776938201090
1219304534725595138
1219304422150430722
1219304397630517249
1219304321113886727
1219304241262710784
1219304057036333057
1219303938572288001
1219303921442869249
1219303526549065728
1219303525483761668
1219303338812022784
1219303330410876928
1219303266154176513
1219303237309935617
1219303213024841730
1219303058577948672
1219302927988379648
1219302742683942913
1219302647846592515
1219302581400489984
1219302469278294016
1219302081439334403
1219302073252089856
1219302052721053696
1219301643944112129
1219301596405911553
1219301497315512320
1219301462695665665
1219301301508546561
1219301264741294080
1219301261289254916
1219301153634164736
1219300974747103233
1219300797839826944
1219300787547004928
1219300715170095104
1219300302001790977
1219300045629132801
1219299870143586304
1219299817744105474
1219299709707268097
1219299681982930944
1219299663356055552
1219299494271049728
1219299425958420480
1219299345197096960
1219299322224873474
1219299321780363270
1219299318705934337
1219299050958266368
1219299048454270976
1219298972281573378
1219298811660718082
1219298409623977995
1219298402707570695
1219298175372218369
1219297686282735623
1219297465519702023
1219297226780037121
1219296882658291712
1219296863033221122
1219296785988038657
1219296707575451650
1219296700755599361
1219296417983819779
1219296407011692548
1219296357569257472
1219296269832806401
1219296243584786432
1219296214954450944
1219296041796882433
1219296038856642562
1219296024491184129
1219295812020318208
1219295808371200002
1219295761709654016
1219295666293231616
1219295604368728064
1219295413271977984
1219295378052472832
1219295342019203072
1219295341897449472
1219294938791366656
1219294934307606528
1219294904758738949
1219294589586231297
1219294454898679809
1219294433218351105
1219294194944090112
1219294124618190853
1219293973522632705
1219293955478650880
1219293743204962306
1219292989647937539
1219292914397990914
1219292868600303618
1219292662156746752
1219292589582626816
1219292459974430733
1219292396522962944
1219292388235104258
1219292298766422021
1219292225428959233
1219292190708523008
1219292165362372608
1219292089084792834
1219291884419461128
1219291817277108225
1219291400044498944
1219291349909983237
1219291129096609793
1219291043255873544
1219291024364883968
1219291021416321025
1219290557308076033
1219290464471388160
1219290365431287809
1219290228223041536
1219290228181041152
1219290023817895937
1219289939449384960
1219289707902795778
1219289587891220480
1219289484937826306
1219289192473210880
1219289157484400645
1219288690742251526
1219288549016723456
1219288437829836803
1219288380304916481
1219288167972405250
1219288013303373824
1219287924086362115
1219287807400783873
1219287683706638338
1219287569189539842
1219287444857794563
1219287020368990209
1219286724418904066
1219286650112610304
1219286641044533248
1219286457963175936
1219286323971993600
1219286240463376391
1219286149782482945
1219286017963888641
1219286014289686529
1219285957792260096
1219285912623906816
1219285537372110849
1219285033753763841
1219285001281396736
1219284961288773633
1219284921056997376
1219284476422914048
1219284425680334860
1219284354217783297
1219284337662840832
1219284202350415872
1219283907130073089
1219283844827840514
1219283734832340992
1219283698169917440
1219283328416800774
1219282818372640769
1219282486087376900
1219282356303024131
1219282350653177856
1219282334563950596
1219282281765928960
1219282214774546438
1219282053117681664
1219281986604490753
1219281086804611079
1219281074431250433
1219280942201737224
1219280156218593281
1219280131610566656
1219280122714509317
1219279632408764417
1219279591635914752
1219279325473787904
1219279199183212545
1219279141591228417
1219279077200232448
1219279009223249922
1219278986381012992
1219278158068883457
1219278038946533377
1219277911871541250
1219277898613510145
1219277754807541761
1219277740521771014
1219277613585268736
1219277512603205633
1219277386417672192
1219277172365561856
1219277149804253184
1219276863819993088
1219276845012672512
1219276611079622657
1219276541047296000
1219276430795792385
1219276350235779072
1219276182337871873
1219275993518657537
1219275835582173185
1219275387055869952
1219275300414029824
1219274956787286017
1219274655518920707
1219274574870851595
1219274441064177665
1219274375192629248
1219274240035155969
1219274236939898880
1219274075278802944
1219273976523952128
1219273958089838594
1219273908127510528
1219273573308624896
1219273305884123136
1219273271859929088
1219273258954084353
1219273222522310656
1219273051076005888
1219272903956537344
1219272821806977024
1219272780719579137
1219272704823648258
1219272509700427778
1219272290627551232
1219271996791558144
1219271889757011972
1219271709527891969
1219271653957492736
1219271431210643456
1219271222367645696
1219271015718629377
1219270922701545482
1219270550117285889
1219270332378423301
1219269973668962304
1219269938965286915
1219269825559658498
1219269566599258112
1219269539722076160
1219269452375699456
1219269399242334209
1219269248431874048
1219269025672372226
1219268973575000064
1219268622893375488
1219268263076597766
1219268092641128449
1219267976739815425
1219267610568798210
1219267608500940800
1219267568344670214
1219267549579354122
1219267139917533196
1219266861541548035
1219266581588512769
1219266464756137985
1219266415993200640
1219266053341052929
1219265920020942851
1219265650843181057
1219265637421322244
1219265630131630083
1219265080036151297
1219265071211327488
1219264078755045378
1219264001332457472
1219263864849694721
1219263842452168705
1219263554882240514
1219263308651384833
1219263140678053889
1219262094014668800
1219262085084917767
1219261914741641217
1219261720532803592
1219261539678662656
1219261342131064832
1219260984390537217
1219260873564393472
1219260668010029060
1219260504868376576
1219260087161774088
1219260041934573569
1219259812199923712
1219259770177277952
1219258954150219776
1219258627460124677
1219258531070795778
1219258280683307010
1219258280524111884
1219258241726779397
1219258183073574913
1219257982770388993
1219257922162655232
1219257628217479173
1219257483941830657
1219257350604967938
1219257247156576262
1219257238461788162
1219256692912861186
1219256576726401025
1219256336657080320
1219256274690461696
1219256272102608902
1219255877657600000
1219255726234898437
1219255702893613057
1219255494264676353
1219255392284241921
1219255156212105216
1219254862011150336
1219254791534268427
1219254765110071296
1219254714937806849
1219254500625657856
1219254397105995777
1219254086614364160
1219253677116010496
1219253642525577218
1219253474556370947
1219253465207201794
1219253268603379713
1219253211627913218
1219253160302256128
1219253088667742209
1219252673565929472
1219252451938897921
1219252387480768518
1219252370753884160
1219252201975095296
1219252116059033600
1219252060841029632
1219251958575484929
1219251917555142657
1219251695596732418
1219251611119357952
1219251560158507008
1219250833356926977
1219250634211438592
1219250543077531648
1219250539621421058
1219250449594966021
1219250015723495424
1219249264364281858
1219249188082540545
1219249039293677568
1219248719201296385
1219248454125391872
1219248427671998465
1219248408428412928
1219248181868945411
1219248167549620227
1219247915593539585
1219247893779009538
1219247633614692353
1219247600995618818
1219247464856858657
1219247448469708801
1219247438613155840
1219246733055578118
1219246711920635904
1219246278904811520
1219245857259892736
1219245052003790848
1219244945996963842
1219244744607457281
1219244489002360832
1219244414918430722
1219244376121102337
1219244310761070593
1219244175138287622
1219244104762187776
1219243690272514048
1219243655573184514
1219243607409881088
1219243212704862209
1219243177787478016
1219242776220643329
1219242625892540417
1219242268361658370
1219241823933206529
1219241551173431301
1219241465878106115
1219241352963198977
1219241263603556357
1219241057784934400
1219241025341939712
1219240804520284162
1219240746139648002
1219240671174852608
1219240481235906561
1219240329687261184
1219240292152496128
1219239707332268032
1219239614579400704
1219239572288278530
1219239415857348608
1219239372391952384
1219239309619888128
1219239140883083265
1219238775089434624
1219238492825321473
1219238390455001088
1219237394169417730
1219237367963361280
1219237272492507136
1219236964035108865
1219236784875409408
1219236500803661831
1219236038054490114
1219235694033412096
1219235641889894400
1219235627561967616
1219235599942504449
1219235204700811265
1219234880766136320
1219234624817258497
1219234617632358401
1219234553992220672
1219234440855113728
1219234151620075520
1219233933415546881
1219233822669189120
1219233618738008064
1219233594390077441
1219233581459034113
1219233348691865601
1219233194475692032
1219232318323335168
1219232056778997760
1219231660669112320
1219231620462456832
1219231515399376899
1219231514308829185
1219231496260681728
1219231140915089408
1219230906407407616
1219230637464412160
1219230407721398273
1219230267447136256
1219230204868091904
1219230172639047680
1219230093844918273
1219230046126321665
1219229946482024448
1219229795919241216
1219229584144642049
1219229562032345088
1219229556948840448
1219229027426279424
1219228820676448256
1219228341993201664
1219228078913638400
1219227909405192197
1219227787564867584
1219227775309111296
1219227767339913217
1219227754316685312
1219227694719754240
1219227690793885696
1219227528541417472
1219227447549362177
1219227445129306113
1219227344772247552
1219227274970615808
1219226978546528256
1219226906748387328
1219226705002487810
1219226670923763712
1219226508847452161
1219226502404956162
1219226369319743488
1219225980201586688
1219225809640214528
1219225490369712128
1219225357888512000
1219225106049880066
1219224863740592129
1219224611449114625
1219224196896653313
1219223472452358144
1219223296375492610
1219223223889530880
1219223137956614146
1219222619142131712
1219222550426746880
1219222422244806663
1219222382893658113
1219222181462380544
1219221830940155905
1219221529629724672
1219221479453339648
1219221342874152961
1219221194148405248
1219221040435539968
1219220762130821120
1219220534610866176
1219220484203732992
1219220409821716481
1219220092552130561
1219219912390070272
1219219728406892544
1219219627575861248
1219219509812383744
1219219502388432897
1219219299442688000
1219219201539432448
1219219066734379008
1219218859435216897
1219218786886307840
1219218719156686848
1219218572821647360
1219218498985037824
1219218342264954880
1219218192893169665
1219218046222524418
1219217941490814976
1219217876760002560
1219217814134886401
1219217475012911105
1219217220959723520
1219217062100439041
1219216947470118913
1219216932068626432
1219216764992659458
1219216753626173441
1219216674718654465
1219216649208893440
1219216467142619136
1219216445789425664
1219216226393739265
1219216049331220480
1219216025771704320
1219215597428297729
1219215594127491073
1219215274148335616
1219215138357727232
1219215057093058560
1219215050034028546
1219214971680296960
1219214801303457794
1219214211043266560
1219214071842643968
1219213915139211264
1219213837183934466
1219213833945911296
1219213728090030086
1219213561362292736
1219212836204883970
1219212742512586752
1219212725232001025
1219212577600876548
1219212573427499010
1219212520570920960
1219212363431321604
1219212193671020544
1219212175077728256
1219212171952971776
1219212152004890625
1219212099429306371
1219212090495422465
1219211968676057088
1219211045652377605
1219210885421551627
1219210839846277121
1219210452334456832
1219210422290722816
1219210305676488704
1219210278258270208
1219210271551606786
1219209849227161601
1219209524348932096
1219209301857837061
1219209075772329984
1219208966573563904
1219208930309656577
1219208832645304320
1219208800235851776
1219208784561758208
1219208767931285504
1219208531443953664
1219208383535947777
1219208132154531840
1219208025795371008
1219208020317687808
1219208013132849152
1219207964059488257
1219207694588030977
1219207290403852289
1219207119276322817
1219207085692461056
1219206605771878405
1219206526990200835
1219206312703250432
1219206120193085443
1219205827917119488
1219205437901328385
1219205286638034944
1219205234817486850
1219204889622073344
1219204755676979200
1219203603262590978
1219203433758167040
1219203304800079872
1219203158276214784
1219203148444774400
1219203124193304576
1219203089258905601
1219203060649615360
1219203014290026497
1219202925374906368
1219202669916622848
1219202349530599424
1219202047213367296
1219201839335378949
1219201711312719872
1219201594895622145
1219201349730078720
1219201250870415360
1219201171765846017
1219201105181204481
1219201057114464256
1219200797780709376
1219200736329748480
1219200457245151233
1219200370343383040
1219200202894127105
1219199707093794817
1219199663846412288
1219199638839971840
1219199611212046336
1219199422703325184
1219199322262208513
1219199073628172288
1219198558420766720
1219198537373712385
1219198464552206345
1219198336617590784
1219197988712734722
1219197549111848960
1219197507307175936
1219197431394504704
1219197317292740608
1219197253631578112
1219197186078101504
1219196604919566337
1219196317097959425
1219195861013598208
1219195576547450881
1219195576287485954
1219195430111719425
1219195209134702592
1219195076393521152
1219194852493156353
1219194820989718533
1219194764387590144
1219194615514963969
1219194256201539584
1219193815166324738
1219193516410261504
1219192815483342849
1219192673120243713
1219192671585165313
1219192225520898048
1219192203618275328
1219192007274483712
1219191885715136512
1219191864286498816
1219191746837372928
1219191723240427521
1219191462988001280
1219190851089223680
1219190745283907585
1219190579822809089
1219190575737470976
1219190346887966720
1219190019669331968
1219190009124835328
1219189685253103617
1219189603976077312
1219189601719459840
1219189413999267842
1219189071542652930
1219189069336535040
1219188900503130114
1219188827236990976
1219188580230336512
1219188488404393989
1219188434977378310
1219187969770360833
1219187957065768960
1219187790942031872
1219187676026372096
1219187556891484160
1219187511366443008
1219187388720787457
1219187343241949184
1219187227156254721
1219186817385275392
1219186701794529282
1219186611465920513
1219186577420754946
1219186577311719424
1219186340220284931
1219185860140240896
1219185820940296192
1219185386762706944
1219184994347778050
1219184610615209985
1219184394038120448
1219184288626814976
1219184213049724928
1219184180799705088
1219184117981630464
1219183891740839939
1219183831305064448
1219183625196974080
1219183596155604994
1219183426324041728
1219183034001432576
1219182897329917952
1219182784457121792
1219182690479505408
1219182515111518208
1219182427978989568
1219182398157524992
1219182174362066949
1219182122696617984
1219182100563353600
1219181657015537664
1219181355587854336
1219181215879782402
1219180902355333120
1219180882835181570
1219180695265914880
1219180531692244993
1219180499584847872
1219180445918736384
1219180411626106881
1219180400997584896
1219180342294319104
1219180320949403649
1219179896984895489
1219179895969869824
1219179864328151040
1219179608525897729
1219179571326660609
1219179319978840064
1219179184204976128
1219179135718895616
1219178948900331522
1219178909805305856
1219178713067278337
1219178470929989632
1219178400574857216
1219178334464237568
1219178323168964608
1219178156692819968
1219177376753442817
1219176825630445568
1219176632658931713
1219176209776553985
1219175968448950272
1219175462687191046
1219175341652049921
1219175328876236800
1219175276657115136
1219175228368015360
1219174300059566082
1219174282112196609
1219174147445620737
1219174037974331392
1219173230318997504
1219173142800801793
1219172651509436416
1219172232792092673
1219171976817926144
1219171723620294656
1219171718222102528
1219170551618506752
1219170518445764608
1219169839014711296
1219169742021431296
1219169372272459776
1219169337627594754
1219169245197733893
1219168953248907265
1219168944751366145
1219168577397362689
1219168547613696002
1219168423231610880
1219168282697179136
1219168186207285248
1219168178011590656
1219168043886153728
1219167825501343744
1219167788700504065
1219167680571166720
1219167508458037248
1219167203121160193
1219167170329968640
1219167169956675584
1219167135919943680
1219166888426643458
1219166223642087425
1219166204339900416
1219166058243940353
1219165926928605185
1219165548476555264
1219165544705904640
1219165209778171906
1219164651268853760
1219164464244838406
1219164137416056832
1219163825510985728
1219163734637187072
1219163666890854402
1219163548544393216
1219163212563742720
1219162759662833665
1219162563738591232
1219162430175092736
1219162273530421248
1219162098921398274
1219161418035093504
1219161106033233920
1219160604100964352
1219160542922846209
1219160333308305409
1219160153708208128
1219160000700076034
1219159890272366592
1219159851571535872
1219159726925262850
1219159424197189632
1219159077563117568
1219158349851262977
1219158280909574144
1219158140228235266
1219157666569900037
1219157630549221378
1219157416778117121
1219156940598714368
1219156692388188161
1219156627837931520
1219156576575074305
1219156362330025988
1219156353874161669
1219156218964520960
1219156202871050241
1219155990718881792
1219155857478426625
1219155734623113217
1219155556969209856
1219154643865014274
1219154578089959425
1219154446665633792
1219154099112943618
1219153536359059457
1219153511797018625
1219153437574811649
1219153168677920769
1219152720663404545
1219152666774982656
1219152597166305280
1219152535392526337
1219151825292746753
1219151699883057154
1219151605913870336
1219151359402004480
1219151316938895361
1219151194955960321
1219151133765177344
1219150664259047426
1219150621028372480
1219150213908070400
1219150181742104579
1219150105233805313
1219149919354679296
1219149690593337344
1219149657554718720
1219149265357942784
1219148978928918528
1219148895646863360
1219148876680171520
1219148804085055488
1219148135592710144
1219147879610245120
1219147525313236992
1219147460116996097
1219147417473429504
1219147393557508097
1219147345033682945
1219147140498366464
1219147124681539585
1219146972457816065
1219146875204403200
1219146739204153344
1219146054991536128
1219145625448656897
1219145579936276480
1219145231792103424
1219145042364944384
1219145029308030981
1219144770355896321
1219144652793831424
1219144534363275265
1219144138991513601
1219143954274361344
1219143831628713985
1219143796430200832
1219143419064471552
1219143026867605505
1219142964372525058
1219142410388824064
1219142288678498304
1219142245821140992
1219142218075852800
1219141986625691648
1219141266203664384
1219141030466990080
1219141029535846402
1219140942705217536
1219140763092733952
1219140731102810112
1219140571442208769
1219140226184073216
1219140029165047808
1219140006721327104
1219139995937714176
1219139891621191680
1219139768191197186
1219139494051569664
1219139451596738561
1219139179210256385
1219139034494185474
1219139006845345792
1219138973085335552
1219138949077241857
1219138856437592064
1219138684043309058
1219138558268710912
1219138462475071488
1219138173785268225
1219138132676837376
1219138111470538752
1219137880049836032
1219137830028443655
1219137565606973440
1219137518966312961
1219137493687316480
1219137316134014977
1219137060860309505
1219136847189856257
1219136844530638848
1219136615009878016
1219135992101253120
1219135797439422464
1219135758256279552
1219135735422427136
1219135287273697280
1219135273298288640
1219135029483315203
1219134813078245376
1219134439294427136
1219134406071287808
1219133965489070080
1219133956760702976
1219133839617949696
1219133741425139712
1219133119426592768
1219132637538914305
1219132562901229573
1219131741731987456
1219131571913023491
1219131441755410432
1219131417533341697
1219131319965421569
1219131252315500544
1219130697715277824
1219130581125959682
1219130239386836993
1219130070499053573
1219129679585726465
1219128710818942981
1219128614291214336
1219128044671111169
1219127822997958657
1219127762264432641
1219127329336807424
1219126797796892673
1219126630729375744
1219126154709303296
1219125304150589441
1219125158465560576
1219125135904583680
1219125094246703105
1219125086780829696
1219124801408729088
1219124755569283073
1219124744978563072
1219124434998525952
1219123779541929985
1219123552953212928
1219123447944617984
1219123415958851585
1219122897941344256
1219122587843719168
1219122442377027584
1219122158275833856
1219122124406870016
1219121938435661829
1219121826686742529
1219121785137922048
1219121509182189568
1219121451846062082
1219121420875202560
1219121308082098176
1219121147721195520
1219120813594632197
1219120531200512001
1219118999235170305
1219118839083958272
1219118827365195777
1219118201189126144
1219117853707833345
1219117376932847616
1219117029078323200
1219116887369367552
1219116846303064065
1219116259922661377
1219115242162135041
1219114745887973377
1219114736421351426
1219114154755330049
1219113968071073793
1219113634623827968
1219113210915311617
1219113204141502464
1219113090039500800
1219113033357832193
1219112974926917632
1219112623154827264
1219112026284470272
1219112010748760064
1219110559913611264
1219110471724359680
1219109640216236032
1219109268902858752
1219109049314299905
1219109036135723008
1219108203881025537
1219107969754857473
1219107890604191745
1219107718495076353
1219105515411853314
1219104714790526976
1219104618455748609
1219102575468974080
1219102357105061890
1219101752558940160
1219101080623157253
1219100213446660101
1219099988032204800
1219099766564491265
1219098940722896897
1219098527218970624
1219096968783450112
1219096716252712960
1219096178916315142
1219096054693580801
1219095967791747074
1219095967213019136
1219095528845213696
1219095419705348098
1219095085507215364
1219095003638763522
1219094960819134466
1219094832871870464
1219094392813780992
1219094382319689732
1219094252141142016
1219093701315768321
1219092854028603392
1219089981093957632
1219089584631533569
1219088403184177155
1219088037096849408
1219087593234739201
1219087499580133376
1219087351235870722
1219086333815263232
1219084833718185985
1219084687844478976
1219083896584695809
1219083853442187266
1219083844747513859
1219083208572141568
1219081788141789184
1219081451901280258
1219080957745160193
1219080700932038658
1219080698801328129
1219079998537195520
1219079925082312704
1219079324910964736
1219079101094469637
1219078067899027462
1219077803863420929
1219077681259732992
1219075602780762112
1219075267060211712
1219072531887460354
1219072103305154565
1219071303103193090
1219070557678903296
1219070545800712194
1219070504205783040
1219069446217764865
1219068437659619328
1219066542991859715
1219066016766091266
1219065929918828544
1219065671851630597
1219065566473965568
1219065538015645697
1219064437761437696
1219064313706663936
1219064181908897792
1219062328513179649
1219062047343644672
1219060555492855815
1219059683681624064
1219059374708154369
1219059072806408195
1219058361045528579
1219058288953843713
1219058205889835009
1219057754985390081
1219057550773104640
1219057324826021894
1219057271256309767
1219057064800067584
1219057007279427584
1219056331803561988
1219055656478609409
1219054874773590028
1219054579339403264
1219054265995579394
1219053846791708672
1219053678495182848
1219052940809449473
1219052177379024897
1219051875707891712
1219051343547072512
1219049627648917504
1219049596648873986
1219049366654279681
1219049139364933632
1219049025514754048
1219048972389580805
1219048944057143302
1219048601462169601
1219048300139155457
1219047157535313923
1219409211878268928
1219408589703516160
1219397782978560000
1219397262033457154
1219395947538587648
1219393889070723072
1219393015338491904
1219385732961329153
1219384946474803205
1219382542857646090
1219376635121733634
1219376368993144837
1219374367731331074
1219373909004472332
1219369390912819200
1219368250573819907
1219367084561457158
1219365196147363840
1219365165239541763
1219361273349058562
1219361035104194563
1219356793576525824
1219354102972473350
1219352514585399296
1219349055333117955
1219347773218344962
1219346215688704002
1219340238075715584
1219337776598081543
1219333251828998145
1219332665444315149
1219331593636122624
1219328936880091136
1219328754226466816
1219325353606422531
1219324794472206336
1219320618627346432
1219319598555725824
1219318021069537280
1219313351282569218
1219309332019523585
1219308190619201550
1219304306484154368
1219303704291172354
1219303308449472512
1219303263411101696
1219297934828875778
1219294788484247552
1219291160914599936
1219290667899412480
1219288849073025025
1219288383408812033
1219287137041944576
1219285929753481218
1219285093409226753
1219282708741926913
1219282389035294721
1219282214619246592
1219279585738657797
1219278310791958529
1219276235555188737
1219276198561419265
1219273099591520258
1219272143655133184
1219271546428104709
1219271018889601024
1219268824484208640
1219266602408935425
1219265339608858624
1219264948414615552
1219258836059664384
1219258334806728704
1219256129521377280
1219249791902928896
1219246736302125057
1219244300325851136
1219234639036014593
1219231862700285959
1219230919137157120
1219230174358708226
1219226139434061825
1219225375907176448
1219225238354919426
1219222392620404737
1219217530851614720
1219217111991627776
1219217028340506625
1219210770514313216
1219210423507079169
1219208982843269120
1219206482790666240
1219205239368310786
1219204675788005376
1219202853178413056
1219202114385338368
1219200923861495809
1219198587780976640
1219196996164124672
1219193997693861891
1219193994560753664
1219192858755788801
1219190585560571904
1219189833903403008
1219188405977874432
1219177120699731970
1219174602552827904
1219169887337230337
1219165104140365825
1219161008092172288
1219158090026835968
1219157677726670848
1219146333031948288
1219145673045676033
1219133818193502208
1219129479945125889
1219129084510375938
1219127342930571265
1219124926457827328
1219120615938019328
1219119053316542464
1219111680246013952
1219107881687175168
1219106507788312583
1219089199497973760
1219079588518809610
1219074366874554369
1219062911190081538
1219052380668538880
1219051510455324672
1219048394108391424
1219407372042539009
1219406113852010496
1219406042989244416
1219399670637694978
1219398024105013250
1219397134446989316
1219389995607261185
1219384407171223552
1219382528743821313
1219382473378926592
1219381571117109248
1219379549026291712
1219368550743400450
1219364987833126912
1219357170527080448
1219354818004901889
1219354379641331713
1219343758749323265
1219343159899099136
1219338449125367809
1219338265138024449
1219328957067288576
1219328349119619072
1219324300995506178
1219322050629840898
1219321540321431553
1219320462825721858
1219313641327034369
1219312453152116736
1219311868784848896
1219309396322328577
1219303384102113287
1219295052079534081
1219294134709735425
1219293174297919491
1219292024945418241
1219291654278000640
1219291032115957765
1219281350932553729
1219280186543366150
1219279705439797248
1219278961831792641
1219277072595595264
1219273796147982336
1219259358044938241
1219258337503608833
1219257564145373185
1219255338932805632
1219251317027299329
1219250141632311296
1219241890513608704
1219238748334043136
1219237981170622464
1219237486951653377
1219226633854443520
1219226496218357760
1219216793442500609
1219209571056738304
1219202522788876288
1219201039125090305
1219197190293336065
1219196402129166337
1219195203946450945
1219194051708227584
1219190506049232896
1219190108504707072
1219189916199989248
1219186763681468416
1219184196977074176
1219171804901781504
1219164150821216256
1219157810518331392
1219157006424190976
1219153428213108736
1219153348072542208
1219141957563359232
1219138145326977025
1219137375810543616
1219128330663927808
1219125398543458305
1219123091449708545
1219115603862134784
1219107622823088131
1219104330646802432
1219103146716401665
1219097232185745409
1219090891866066945
1219057052041011200
1219348600360259586
1219223361529753601
1219216827915603968
1219197738136543232
1219406660571205637
1219380665004756992
1219379496563937280
1219379395686752256
1219377331594199041
1219375179102588931
1219373795905081344
1219368052833255424
1219341310836006912
1219341050101293057
1219339808012668928
1219337584092033024
1219322060612210688
1219318872307879937
1219302353389740033
1219301838220120064
1219293933437706243
1219284363365560320
1219284299817590785
1219267992996982784
1219266003277881349
1219242771531386880
1219225554433511424
1219213803616948224
1219206389102469121
1219184374639464448
1219162851824361472
1219086339611807744
1219082709965983745
1219075923821178880
1219367466666811392
1219366990571364353
1219342599493955585
1219332194835058689
1219293121617506314
1219288278186254336
1219266481713709057
1219259788959342594
1219251857337606144
1219246152798875660
1219240117648396288
1219239964518617088
1219238463201075200
1219211963772874753
1219204314910068736
1219169503508094976
1219164048455086086
1219159128226004993
1219144325231185920
1219124582285762560
1219124107612164102
1219112275510013953
1219059256420438017
1219405900420722696
1219398779780071424
1219396496057077760
1219385856760471552
1219384632048746496
1219378248045514752
1219369285140635648
1219358784600051712
1219358040815697920
1219357044656033793
1219354593609625602
1219347759305830402
1219346140686114823
1219338552179331077
1219335505747357696
1219323661733240837
1219323277493129216
1219321028381495297
1219320876753203206
1219320717394743296
1219316035783995397
1219311538370228229
1219305047990902785
1219297942328299520
1219296076081049600
1219288796623228930
1219278076418363392
1219269996884480002
1219254479037575168
1219250899194912768
1219242706456715267
1219241096250871814
1219240019078107137
1219228863412215809
1219227815213703170
1219219756303159297
1219216892805689344
1219216005689417728
1219211355942805504
1219210583213592577
1219203395912896512
1219200754151514114
1219198349469016065
1219193779279798272
1219192827663605760
1219192055882289153
1219189879336316928
1219180996379185152
1219173816355692544
1219172151133122561
1219171773939376128
1219165597570863104
1219158982570467328
1219142584452337664
1219138298725138433
1219128901991043073
1219116450473967616
1219107606037442561
1219083413422006277
1219062434679459840
1219060551726309377
1219056438900928515
1219052818662858753
1219349392429285376
1219322063036604416
1219321703307845632
1219321197676179465
1219117731661873152
