id
1216147706768318464
1216147380766236673
1216144780197027842
1216142962683412480
1216142635586457602
1216140436793962497
1216140167314059264
1216139263965831168
1216139126992515072
1216131790622068736
1216125379108274176
1216122519096373248
1216119762293526528
1216118729072939008
1216114755989098496
1216111231418949632
1216110825037008897
1216109129477099520
1216101630279589889
1216138512241741824
1216130872304447489
1216129613161693184
1216127852724121600
1216120937831190529
1216117582178050048
1216114228928618499
1216110030870712321
1216104376764436483
1216098957882986498
1216098943605649408
1216097699490959360
1216094931552522241
1216079832674521088
1216078117225336832
1216076376115163143
1216068326201446401
1216064732215402499
1216063103735095296
1216057220422688768
1216056987093557249
1216056957112672256
1216053739263492096
1216048100537581568
1216047073021186048
1216045857893691392
1216045600321437702
1216040043841802241
1216037932135481344
1216034533298069505
1216026524543062016
1216020263021830144
1216016917284249600
1216012047432941569
1216006079852810242
1216004334988644353
1216004036186574849
1216003488162992128
1215999513145593857
1215998571838951430
1215996787871248385
1215996786378067974
1215993559209431043
1215989964196012034
1215989235993366528
1215981859945041920
1215980584499060736
1215974299804323841
1215974136167555073
1215974135698001920
1215968325655826432
1215966585573105664
1215963172529680386
1215958704870371329
1215957770593275904
1215952116554006528
1215951488696176641
1215950552590364672
1215950244195840002
1215947567374176256
1215946914761445378
1215933238805434368
1215925061955145729
1215923285566853120
1215921287375155201
1215920797438611457
1215920028786155520
1215907558084554752
1215904940855648256
1215902790431780864
1215901154409713664
1215898637844115458
1215898504230572032
1215895433865842689
1215889989340422144
1215888600488906753
1215883403259674624
1215881321622462470
1215848911644086272
1215848306129145856
1215847413602230273
1215842019693731846
1215810128101986306
1216115832603934721
1216105823971180544
1216102587684081665
1216100937091166213
1216079919089967104
1216071666108977152
1216068724215685125
1216063321922768898
1216053030904139776
1216044248149254145
1216034889918746624
1216029108175503361
1216015563140538368
1216008020691472390
1215978136623624193
1215974926362071040
1215967805922783234
1215967148214046720
1215962650355609600
1215954790678695937
1215951643516329984
1215938237174308865
1215917330330529793
1215908951096799234
1215875991786213377
1215866002413686784
1215861013075103744
1215845791262179329
1215823140582035461
1216080407990542340
1215929041066299392
1215928059674624001
1216099512185446400
1216094365619294208
1216094163604660224
1216088531740786688
1216084803725996033
1216084172705583104
1216084011669499909
1216083591605751810
1216081768677302273
1216080804905934849
1216079765918158850
1216078798292234241
1216077359117455360
1216067080006619136
1216060095274110981
1216058802694475776
1216054831644889090
1216052325619466240
1216052135609208832
1216048766022799361
1216047085713285129
1216045512295636992
1216044353195474944
1216037570582323203
1216027219987968002
1216021792080441344
1216021519782088704
1216021372994015233
1216013029466411008
1216012065393053696
1216010167961124870
1216009414920036352
1216005892916891648
1215998433577750528
1215996163050090506
1215995998725713926
1215994647895576577
1215994274384351232
1215991450502160385
1215991428133933058
1215986802881896448
1215970384148860928
1215970226791161857
1215968732909977611
1215964291641364486
1215960404268126209
1215960393752948738
1215958929286533122
1215957813169729538
1215956290742181889
1215944336900349952
1215941709139496961
1215936470315360259
1215931737311715328
1215929441303646209
1215926921055178752
1215922986819166213
1215921450001084417
1215920288657018882
1215917874138832896
1215917362098077696
1215916699905601536
1215910472895037441
1215910401558433792
1215909754247184384
1215907204080910336
1215900649294049280
1215895748858077185
1215886321459191808
1215881537788362752
1215875989151965184
1215872538221469699
1215865634984275974
1215829982196518912
1215804278323007492
1215799962279256064
1215797029047279616
1215795108374831104
1216131611613388802
1216128408624812034
1216127769643450368
1216126286978068480
1216019404745474049
1216008547491774464
1215982515321573376
1215965185103552512
1215807141258330113
1216035906198609921
1216027064626753537
1216003106904985600
1215958517368213504
1216147235081216002
1216147129527341056
1216146999575224323
1216146861268127744
1216146142213431296
1216146058247577601
1216145863304720384
1216144606393487365
1216144391334547456
1216144144923529220
1216143536581726209
1216142795322351618
1216142303351492608
1216142253472641024
1216142133456965638
1216141767424212994
1216141354352500736
1216141294063538183
1216140809331978243
1216140515260948480
1216140166248697856
1216140024338681857
1216139539661508609
1216139247473897472
1216139196479479809
1216138948218626049
1216138830249713665
1216138657674989569
1216138542264483841
1216138340883320832
1216137963861573632
1216137896496914433
1216137815588835329
1216137801005174784
1216137797083574272
1216137756973436928
1216137539230359553
1216137507756298241
1216136951696384000
1216136867709702144
1216136625778020353
1216136558329372673
1216136543309574144
1216136213524099075
1216136196776132609
1216136142908731393
1216135967372926979
1216135023608455169
1216134883786911745
1216134760717856768
1216134705269166083
1216133856450969600
1216133842664415235
1216133397036380160
1216133378417840128
1216132871393509379
1216131946234904578
1216131445175046148
1216130934182961152
1216130902645932034
1216130849059622914
1216129979425140736
1216129392537219073
1216129115998294016
1216129042451238915
1216129031445368832
1216128746006118406
1216128612551839754
1216128254400258049
1216127921129164800
1216127784617172999
1216127008322785285
1216126131264532480
1216125801692827648
1216125286741356550
1216125188389199872
1216124899976196102
1216124851246764033
1216124805008617472
1216124605234130944
1216124434639138817
1216124313281204225
1216124281052172289
1216124181756153857
1216123948041150464
1216123914490957831
1216123588916514818
1216122703972913152
1216122700458012672
1216122645244272642
1216122416700760064
1216122264439218176
1216122211565817856
1216122206146768896
1216121574442573825
1216121412374736896
1216121377872338944
1216121172938588161
1216121009348259840
1216120798370504704
1216120415275429888
1216120059569082373
1216120009975574528
1216119505660907520
1216119350068989960
1216118956945281025
1216118587565510656
1216118525309456385
1216118263412875264
1216118209436360704
1216118198153682949
1216118163525586944
1216117836139114502
1216117827696054272
1216117397947633664
1216117341097992193
1216117117914877962
1216117051900731404
1216116836200144897
1216116832236687360
1216116755245957122
1216116325208264710
1216116113026834432
1216115921565179908
1216115898144251905
1216115869182459905
1216115692568707073
1216115430089265152
1216115042275545089
1216115005294305282
1216114851774390272
1216114744039563274
1216114716772380672
1216114503743569920
1216113582687039488
1216113374406291458
1216113192105062400
1216113175550210051
1216112952346136576
1216112931617767426
1216112694106959874
1216112517841399808
1216112366103990282
1216112213511081984
1216112209190887424
1216112109395890176
1216111931595067393
1216111493500088322
1216111485790957569
1216111325266481152
1216110672360235008
1216110647307591688
1216110344780820481
1216109755250421760
1216109684530335750
1216109665806929932
1216109315515387906
1216109310041870336
1216108990784049152
1216108960647983106
1216108869937659908
1216108675418542085
1216108549811687425
1216108345536532482
1216108240230080517
1216108128456073216
1216107828009734145
1216107453521235969
1216107405542600704
1216106908203061248
1216105990065704961
1216105745416118272
1216105555258986496
1216105529363312647
1216105502402338817
1216105496442294274
1216105060079407104
1216104881167249408
1216104815081803778
1216104807427166212
1216103952196022272
1216103462720753665
1216103406093455360
1216103061413924864
1216102799135498240
1216102735734550529
1216102120539160576
1216101902645153797
1216101755173380096
1216101669987127296
1216101602362347521
1216101556858257409
1216101494442860544
1216101432954408962
1216101237218738176
1216101125927161857
1216100808128856064
1216100203968835586
1216100111446695937
1216099972095127555
1216099877135863808
1216099778192261120
1216099760005877760
1216099451133222913
1216099327053062146
1216099294119370754
1216098891956924416
1216098586611634177
1216098429631418368
1216098417891512325
1216098066115235845
1216097936771375104
1216097771507343361
1216097771234779136
1216097636383625217
1216097553445457920
1216097364085288960
1216096993690509312
1216096950786887681
1216096950224900097
1216096355283865600
1216096102627401728
1216095394834321410
1216095326144086016
1216095278530465799
1216095216593260551
1216095046472290304
1216095008123707394
1216094908643192834
1216094874719662085
1216094842603933704
1216094565310062593
1216094310879416320
1216094086198964227
1216093968833839105
1216093723219480576
1216093689967267840
1216093446458552321
1216093327063486464
1216093141033418752
1216093066404167680
1216093011265892352
1216092935277514752
1216092627713634305
1216092620553891845
1216092414709882881
1216092371278008320
1216092296606879754
1216092249110536192
1216092209864433667
1216092002716131328
1216091922273533955
1216091906872107008
1216091884101173249
1216091815855693824
1216091609583976449
1216091456496132096
1216091428167782400
1216091351080689664
1216091348228550658
1216091212052156416
1216091169559654405
1216090626682507264
1216090429885644803
1216090426270240771
1216090045549096960
1216089930952298497
1216089801440538624
1216089422367727621
1216089369280483333
1216089274166235137
1216089125067153410
1216089025305612288
1216088673978064896
1216088673231560705
1216088358633582592
1216088272625119233
1216088098435629056
1216088064726052869
1216087917271179264
1216087830159593476
1216087408061620226
1216087349685379072
1216086906976571392
1216086629594603521
1216086524158267392
1216086468810199041
1216086425252376578
1216086338799165440
1216086212055904257
1216086081512173568
1216086045844000769
1216086008191647744
1216085851740024832
1216085648634994691
1216085641500528642
1216085630255534081
1216085479050874881
1216084822759788544
1216084731030384640
1216084248085573634
1216084229718728704
1216084112899018752
1216084093278019584
1216083796430336006
1216083773873369088
1216083294904864769
1216083082761117697
1216082923700604934
1216082600382607361
1216082577376890882
1216082351241007106
1216082303950245889
1216081727279587330
1216081587663777792
1216081556948815874
1216081540784033792
1216081402808107013
1216081396097261568
1216081335695089664
1216081039782580224
1216080995373502467
1216080976390082561
1216080894349455361
1216080786337738754
1216080749826318336
1216080665868996609
1216080519693246465
1216080435350069248
1216080403037151242
1216080360888578049
1216080355452735490
1216080223772409857
1216080150300971011
1216080149172584449
1216079995627622400
1216079834692104192
1216079733085081600
1216079728148348928
1216079607281176578
1216079567993102337
1216079476381143041
1216079458278498304
1216079451236261888
1216079076814966785
1216078642851254279
1216078563570520064
1216078507022999554
1216078289606975488
1216078147566755841
1216077695379001344
1216077659400278018
1216077591733526528
1216077530358337538
1216077475828129796
1216077328863854594
1216077223284891648
1216077093760643072
1216076776105041922
1216076594701393920
1216076474391977986
1216076411825541122
1216076396038148096
1216076063266263044
1216075719295619072
1216075701801103360
1216075508120727552
1216074876068515840
1216074663094312960
1216074609315000320
1216074538506768386
1216074437713367042
1216074339277266944
1216074121815240704
1216073930622099456
1216073443399127040
1216073386826387457
1216073284049166337
1216073156022231045
1216072843827535873
1216072626088660992
1216072612117450753
1216072422119571456
1216072036814028801
1216071741165928449
1216071716746616834
1216071583145582592
1216071147336409095
1216071077497053191
1216071071864184832
1216070881878908929
1216070862136365056
1216070800220086272
1216070775532335104
1216070747187286022
1216070016917000194
1216070003176374273
1216069717925953536
1216069622769901568
1216069421833342976
1216069363851284485
1216069265985626112
1216069158892396545
1216069052025724929
1216068892071731200
1216068689629454336
1216068536751349760
1216068166469681152
1216068113692651520
1216068054641184773
1216067829587435521
1216067143919456256
1216067044505944066
1216067036310384641
1216066897567002624
1216066875332927490
1216066790490591232
1216066747641597957
1216066733313794050
1216066699113435136
1216066693354655744
1216066621472636931
1216066434821971968
1216066303120891905
1216066219058630656
1216066184979931138
1216066177413283840
1216066134476234752
1216066079816065035
1216065949817810945
1216065915583901697
1216065883296206849
1216065805617696768
1216065749036470276
1216065325982212099
1216065129172865024
1216065002563678208
1216064963774685184
1216064674850070530
1216064639903174657
1216064518347988993
1216064394217521154
1216063780066492416
1216063704539828224
1216063675733348352
1216063613829550080
1216063549598044165
1216063484061982720
1216063121586040834
1216063057622900741
1216063040518524931
1216062954598207494
1216062951452545027
1216062934482288642
1216062688108957701
1216062530033979392
1216062458160349185
1216062337309904896
1216062248730480646
1216062139233984512
1216062122284724224
1216061944446300160
1216061934946213888
1216061708130750466
1216061580045144065
1216061565528612865
1216061529478574080
1216061520393703431
1216061389724422144
1216061361756741638
1216061313631297536
1216061176632807424
1216060467967250433
1216060341433589761
1216060294872563714
1216060286991577088
1216060230540386307
1216059979712684033
1216059904366084096
1216059760119885824
1216059739936907264
1216059261446430720
1216059112997433344
1216058986723729409
1216058882143019010
1216058861418881029
1216058840208367624
1216058802971258881
1216058782041681921
1216058464109256704
1216058310924947464
1216058197921976320
1216057801476276224
1216057613672206336
1216057522341195778
1216057359509917697
1216057183491653633
1216056991933706246
1216056871653650438
1216056722009350144
1216056609769689089
1216056586591973376
1216056244294897665
1216055946578931714
1216055913192329221
1216055709911134210
1216055586535723008
1216055428481724417
1216055357619032064
1216055347552641024
1216055317852803072
1216055265822420997
1216055186285826048
1216055002738896896
1216054862003298305
1216054508532523010
1216054406006870016
1216054271579435008
1216054233499422720
1216053839167741958
1216053794284457984
1216053665544515591
1216053466315051009
1216053287125995520
1216053168624295936
1216052849739812865
1216052520201617408
1216052423179034626
1216052200826232832
1216052163522088960
1216052108207763457
1216052077451010049
1216052029027647489
1216051809363488768
1216051551124455428
1216051481675288577
1216051319884189696
1216051096734654465
1216050965922664449
1216050941813805057
1216050735214886912
1216050655418290177
1216050599734710273
1216050340505714688
1216050290031579141
1216050223887372289
1216050129934979072
1216049753504436224
1216049703189729280
1216049699393802246
1216049566459596800
1216049245918285831
1216048984264970240
1216048967999545355
1216048351025750017
1216048330897285126
1216048260986568705
1216048253806030848
1216048214765383681
1216047812661731328
1216047720210817029
1216047586727157763
1216047562475626496
1216047380816105474
1216047099793616909
1216046578894622721
1216046372673277954
1216046227307016197
1216046089385717760
1216045939770691584
1216045902235885568
1216045663940640768
1216045640410705922
1216045604423524352
1216045104085028864
1216045100142354432
1216044979895914497
1216044903840526341
1216044903777689600
1216044535446482950
1216044522951540737
1216044452575313920
1216044438365048833
1216044318378557440
1216044310803685377
1216044117618319360
1216044071346675712
1216044049683177472
1216043993055793154
1216043667653349376
1216043410806755328
1216043389067677697
1216043341499916288
1216043249623805952
1216042911151919105
1216042691806494721
1216042679206850561
1216042452580171784
1216042214012411907
1216042213903388673
1216042038157893632
1216041821505277953
1216041343102935041
1216041107513126914
1216040521241632768
1216040157960450049
1216039810470641664
1216038921974505475
1216038877087117312
1216038747541856258
1216038499058638848
1216038287355326464
1216038150532947968
1216037999596584960
1216037716024053760
1216037255330045954
1216037112476250113
1216037028191776768
1216036574707748867
1216036377047044096
1216036157810757637
1216035930538201088
1216035638719537154
1216035550349680640
1216034724398948354
1216034682204192771
1216034649236963330
1216034622917705729
1216034362157871104
1216034240707600384
1216034114526228488
1216033955222302721
1216033787232112640
1216033680415739905
1216032867169554433
1216032793077133316
1216032780301283333
1216032779189805058
1216032588177059842
1216032482635800577
1216032239928168448
1216032108101152768
1216032057714978817
1216031946633089026
1216031463600197634
1216031314597629956
1216031110276304896
1216030579998765057
1216030483475312640
1216030375090233345
1216030310812585984
1216030252918624258
1216030167983968256
1216030094805872640
1216029992359993344
1216029786918850563
1216029769218887681
1216029465530306570
1216029326761713664
1216029159236997121
1216029017423347712
1216028863391850498
1216028844978778112
1216028843254931456
1216028788808736769
1216028755103232000
1216028710702329857
1216028526643687424
1216028137491968001
1216027985314185216
1216027645462425600
1216027631453396992
1216027331455635456
1216027291555434499
1216027174857252864
1216027023824556033
1216026953020514305
1216026947194707968
1216026893939507200
1216026738003795968
1216026609414758401
1216026289427099650
1216026278563926017
1216025994743681024
1216025967229095936
1216025762874241026
1216025612583940096
1216025553855270913
1216025490387087362
1216025122294894592
1216025112547418114
1216025032079630341
1216024962793967616
1216024927477870593
1216024709910945792
1216024415504424965
1216024384617504768
1216024123798892544
1216024093079867392
1216024061618393088
1216023738363404289
1216023730863976448
1216023718956347392
1216023538882269186
1216023467935641607
1216023439326285825
1216023423425695746
1216023281725333504
1216023080633499649
1216022896369336321
1216022652445515779
1216022651891830784
1216022622603005952
1216022373788459008
1216022157878272001
1216021997274181632
1216021653752287233
1216021301778927616
1216020765583249409
1216020705785122817
1216020667558174721
1216020647886970888
1216020486754271233
1216020438742159360
1216020437039304706
1216020426205421568
1216020331799904258
1216019962072064001
1216019788834791425
1216019456146669569
1216019434956918784
1216019355709923328
1216019103728701440
1216019096288092160
1216019077954707457
1216018907779215361
1216018874145148928
1216018873968922625
1216018843140861952
1216018775880949761
1216018593147650051
1216018558817312769
1216018452865015808
1216018441318076416
1216018384883679232
1216018248275197952
1216017459821600768
1216016787705339912
1216016711780052994
1216016250385653761
1216016166986096640
1216015918398091264
1216015644128436226
1216015487835963393
1216015353861627904
1216015258063638529
1216015017474215943
1216014926369755136
1216014616066777089
1216014400550850562
1216014173190205440
1216014156844949504
1216014025152245761
1216013975894228996
1216013421801590784
1216013347944046592
1216013287067918337
1216013042972024833
1216012986453843968
1216012350924500992
1216012037265989633
1216011703575633920
1216011562747600897
1216011227496841216
1216011224766279680
1216011139164798976
1216010999456763904
1216010938882625537
1216010752122937346
1216010691104079872
1216010503685885952
1216010263406661632
1216010093088645122
1216010064592539651
1216010001606680576
1216009607698702337
1216009335416991745
1216009234078294016
1216007651907309570
1216007549742460928
1216007045117169666
1216006799003963393
1216006520472842242
1216006419058712578
1216006193417723905
1216005706366771202
1216005610212413442
1216005343022649344
1216005262517075970
1216005123446657026
1216005071076503557
1216004145313992705
1216003947019849728
1216003692559847424
1216003577057071104
1216003086508085248
1216002693090529280
1216002691303759872
1216002280396414977
1216001251814576128
1216001140116086791
1216000637487456256
1216000270271942656
1216000113878949895
1216000002969034754
1215999113117995008
1215998999620177920
1215998681360621568
1215998440120967169
1215997959218913281
1215997930605367296
1215997501515423744
1215997495551102976
1215997408900976640
1215996873779138562
1215996784419332097
1215996396849061888
1215996359142248449
1215996284550701059
1215996094569644032
1215995995789692929
1215995848036900864
1215995802159656961
1215995726720794629
1215995225539334144
1215995181826224133
1215994111871868930
1215993877284429831
1215993721428201477
1215993528951754760
1215993452455845888
1215992834077200386
1215992268882137093
1215990696349458433
1215990390878343168
1215990257038057472
1215990174292770816
1215990037105586177
1215990033917734915
1215989967513694208
1215989783312445440
1215989522862956549
1215989368948740096
1215989261113098241
1215989244633800704
1215989139776200709
1215989042011164673
1215988615228030977
1215988061961687041
1215987866209325057
1215987847620112387
1215987776807751680
1215987485181988864
1215986981815115781
1215986950408212480
1215986787379810304
1215986558639255552
1215986495460388864
1215986469854117893
1215986421997211648
1215985691689148418
1215985644385660930
1215985424759447553
1215985307277045762
1215985031145033728
1215985001227005953
1215984891516669952
1215984807580250113
1215984786281566208
1215984687857926144
1215984293870276608
1215984085174308864
1215983792780910592
1215983758475702272
1215983445094096896
1215983278689280000
1215983138394066945
1215983072245690368
1215982491070271488
1215981313125232640
1215981084141375488
1215980830440468480
1215980710756069378
1215980655986839553
1215980626270138368
1215980146668326912
1215979848792989696
1215979029163061248
1215978156198449153
1215977616114618369
1215977532627001345
1215977268310421505
1215977218003886080
1215977134969294848
1215976424433168385
1215976318225059841
1215975965945466880
1215975889776922624
1215975760613269506
1215975345607921666
1215975102514434049
1215973949332389888
1215973041445969920
1215972832586477568
1215972613408903168
1215972273993265153
1215972232150814720
1215972051074396160
1215971130172796929
1215970884164489216
1215970446694322176
1215970164849741824
1215969791325933568
1215969713341243394
1215969652108660736
1215969594495635457
1215969450115129344
1215968582401765376
1215968511555710976
1215968413723648003
1215968362389549056
1215968199394635777
1215968169938051074
1215968019584815104
1215967760364208129
1215967524606615553
1215967278228963328
1215966766045769730
1215966345193496579
1215965740886642688
1215965659399696385
1215965642807042049
1215965543016079360
1215964992329211905
1215964881981190144
1215964852038094848
1215963774462627840
1215963237394583553
1215963183577473025
1215963116028289025
1215963045542932480
1215962545238003712
1215962146066116608
1215962056786096129
1215962041606905863
1215961017496240128
1215960889033216001
1215960583993950209
1215960130493259776
1215960021395300352
1215959734932705280
1215959671548403713
1215959605337100288
1215959583182729216
1215959578849968128
1215959554535710725
1215959552912326657
1215959333734965249
1215959272468754432
1215957906757169152
1215957282602790912
1215956674835615744
1215956593751228417
1215956186031362048
1215955993483448321
1215955704915382272
1215955643997265921
1215955586921254913
1215955412027133953
1215954825340510209
1215954553490886659
1215954267460263936
1215954175034523650
1215953782078615552
1215952835482918914
1215952678322393088
1215952370997309440
1215952301556412416
1215952109948100608
1215952006998888449
1215951864363208704
1215951766040338432
1215951602403684353
1215951593054593024
1215951558501896192
1215951516072382464
1215951305857957888
1215951210211090433
1215950320586698753
1215950070195130368
1215950037315964928
1215950022979792899
1215949725343657985
1215949478164926464
1215949254402772992
1215949234450526208
1215949211725975556
1215949066024243200
1215948569460584449
1215948512879435777
1215948261808320513
1215947709217198081
1215947587301380096
1215947279498170368
1215947203656724480
1215946974601465857
1215946689674129408
1215946297397710848
1215946137737273345
1215945452081885184
1215944485349273606
1215944407213576192
1215943985593815040
1215943926344974336
1215943504263819264
1215943196036993024
1215942815877910528
1215942540077228032
1215942346195591170
1215942298938302464
1215941382830993408
1215940755455344641
1215940635179520000
1215940146236968960
1215939373885198337
1215939370689187840
1215939165927497729
1215938778524803072
1215937959767265280
1215937845493366785
1215937633701986307
1215937448666107904
1215937215991308289
1215937122701643777
1215936844338204673
1215936554897637382
1215936540339245056
1215936502225608705
1215936174025596929
1215936098452541440
1215936008082132992
1215935836337987585
1215935605231714306
1215935445470711808
1215935351010791424
1215935221083910145
1215934565728104450
1215934340875595777
1215934132070633472
1215934115519909888
1215934050197757952
1215933662279004160
1215933286540808192
1215933258418085888
1215933035524296704
1215932661837058049
1215932409172066304
1215932005927571457
1215931924914614272
1215931811651604480
1215931741715730432
1215931186821959680
1215930707639443456
1215930500868722688
1215929971966971904
1215929647801741312
1215929424589262850
1215928228159873024
1215928003336835073
1215927602566848512
1215927283531296769
1215927254817087489
1215927116451069953
1215926769494175745
1215926134145273856
1215926131888660485
1215925628597391360
1215925598897561600
1215925431163068417
1215925369817260032
1215925092624097280
1215925051876397057
1215924874260230144
1215924634371215360
1215924062540771329
1215923815697481729
1215923790074519552
1215923769132318721
1215923281003536385
1215923075184766978
1215922973405863937
1215922453395828737
1215922027657408512
1215921587666460673
1215921289887535104
1215921108651794432
1215920882809556992
1215920509696782336
1215920369472888832
1215920155630481408
1215920150580469760
1215919964839927814
1215919960465297411
1215919949518196736
1215919877074100224
1215919659695865857
1215919395576348672
1215918938825134080
1215918899885154304
1215918769400352768
1215918477183201280
1215918185490206720
1215918070574800898
1215918005193932810
1215917955885817856
1215917804723064833
1215917770883371008
1215917553261916162
1215917463155748864
1215916792205455362
1215916147876474880
1215916061910011904
1215916006205460480
1215915953067827201
1215915773325127680
1215915684095516672
1215915649802952705
1215915583511896064
1215915580735336453
1215915410492678144
1215914546243801089
1215912877019758592
1215911912246054913
1215911746369675264
1215911151718092800
1215910821416579072
1215910731654336512
1215910656039194626
1215910348521426944
1215908967194472448
1215908648326701057
1215908426502504450
1215908301105508352
1215908165172244481
1215907597573918720
1215906994915356672
1215906780531904513
1215906565221421061
1215906189164339202
1215905486865948672
1215904969884422144
1215904727021563904
1215904550378516480
1215904386121191424
1215904224510402560
1215902603722264576
1215902558956466176
1215902166340325378
1215901429245923329
1215901356118159360
1215900274964881409
1215899882659119106
1215899408245698560
1215899384371695617
1215899355787485185
1215898638087610368
1215898637789646848
1215898491983138817
1215898435712405505
1215897770567045120
1215897631458807808
1215897592099495936
1215897319079583744
1215896840652120065
1215896734628483074
1215896705356521472
1215896666563321857
1215896100122648577
1215895991511060480
1215895847466127360
1215895545748869122
1215894981711474693
1215894862479929344
1215894750571548673
1215894574297681920
1215894527895994369
1215893857965105152
1215893474802835456
1215893457824292864
1215891848172097536
1215891374433800197
1215890222946357250
1215889362933686272
1215888576694693888
1215888167838109696
1215888151450988544
1215886930405220352
1215885843631607809
1215885585098924032
1215884119202242560
1215884086067318784
1215883597774716928
1215883424973643776
1215882046775726080
1215881503521021953
1215881494364934144
1215881299715657733
1215881287975821312
1215881273375444992
1215880733748797441
1215880714996125697
1215880059766091777
1215879654046863360
1215879448219791361
1215878050111524865
1215877750151622656
1215877605699792896
1215877341769015296
1215876942966247425
1215876925543067649
1215875521814368256
1215875101507424256
1215874758782398464
1215874601718296576
1215873222782193665
1215872926832058369
1215872228044263425
1215871728485916672
1215870703620251648
1215869126041907200
1215868825545203712
1215868729424326662
1215867826889744384
1215867660736630785
1215867116202545153
1215867005993213952
1215866600475242496
1215866540668739584
1215864650539110400
1215864472067141632
1215864338868854787
1215864114712543233
1215863443506585601
1215863102681554944
1215863059761311745
1215862726884569088
1215862663798018048
1215862613445414913
1215862533807996928
1215861967572930560
1215861544988368896
1215860621612408832
1215859846672715776
1215859073645760518
1215858377869406209
1215858246713561089
1215857906656194560
1215857217406144512
1215856291635236870
1215855977104400384
1215855225812275201
1215854948107407360
1215854821653303296
1215854607336865798
1215853561420140544
1215853451919478784
1215853308637851648
1215851806045212672
1215851432072613888
1215850934871437312
1215850714150440963
1215850714104258560
1215850115098906624
1215848205474242565
1215848161366790151
1215848032085954560
1215847947469979648
1215847224543993856
1215846592198123522
1215846492868612096
1215846162667900934
1215845954005299200
1215845603466448898
1215845566657236992
1215845172002590721
1215845126796386305
1215842432031580162
1215841782212239360
1215841751115628550
1215841054546649091
1215840774836887552
1215839785262166018
1215839702445707264
1215839296172822529
1215838831657865216
1215838391096483840
1215837843685367810
1215836684924989441
1215835117274501120
1215834527165231105
1215833167694909441
1215830745295532034
1215830322320900101
1215830147988889603
1215829464401268737
1215828776610861057
1215825157983539200
1215824518163443712
1215824465201967105
1215823972794802178
1215823608079159297
1215822990740480000
1215822921014353921
1215822671201669121
1215821217392926725
1215820730950209537
1215816225474912256
1215814376952926209
1215814317926494208
1215813367270723586
1215813284185677826
1215812936834437120
1215812465897897984
1215811881077788673
1215811815944278016
1215811728845541377
1215811216943218690
1215810558622081024
1215810424584785921
1215809276381364229
1215808993710477314
1215808217231564800
1215807495840636933
1215806982290014209
1215805875023159299
1215804789554106369
1215804533688995840
1215803143365255168
1215803005854982145
1215802226502926336
1215801857613934593
1215801514670858246
1215801429379764225
1215801227197472768
1215800939405348869
1215800875593228288
1215800763886247936
1215800578414206976
1215800271831433216
1215800146967126016
1215799605960548353
1215799421562212352
1215799114773954560
1215798940777447424
1215796805838999558
1215796093977493504
1215795715034710017
1215795046416625666
1215794925817737217
1215794882650017793
1215794560695177219
1215794095043547140
1215794055042543616
1215793864113643520
1215793573486043136
1215793085113827333
1215792179861512192
1215792018397585409
1215790767534415872
1215790083699347456
1215789716072693765
1215788372393971717
1215788296552550402
1215787133677527041
1215786928655818754
1215786504917786627
1215786488706871298
1215786349111975936
1215786284951752704
1215785946941136896
1215785399114719232
1215785393372782592
1216146092619898885
1216141292993945601
1216134311314894853
1216133919868887042
1216133527277854725
1216133363683209217
1216127982575726595
1216125833762557952
1216125790116552716
1216124819579731968
1216123191539703810
1216122648129949697
1216113643433218048
1216113295037517825
1216111953740910592
1216107429638832128
1216106439460249600
1216099936535707649
1216097256996327425
1216087522314457089
1216087513472884737
1216086731356876800
1216085389385007105
1216083305759723520
1216083058870362113
1216082847263600640
1216079375831117826
1216074845114552321
1216070727952216064
1216068617957257216
1216065489740406784
1216064894505832455
1216061736257753089
1216059500127453185
1216058320311799808
1216048411226648576
1216044228905783296
1216043479681421315
1216038640276643840
1216034060096634881
1216033809189232640
1216027775808786433
1216023369793052673
1216010185594019840
1216001964561125377
1216000608580358144
1215999845481226242
1215995757687398403
1215994205497151489
1215991907660304384
1215991384026513410
1215991129163862016
1215990866223030272
1215986697206489088
1215985700492976133
1215979364334129158
1215979020422205441
1215978900506972162
1215975984396218368
1215974786658197505
1215973960115945472
1215971816264605696
1215967852731215874
1215965696275963904
1215960786146865153
1215956533705617408
1215954476210753536
1215934372970467328
1215934077985021952
1215934069168648193
1215930584305893376
1215929037794742273
1215927550163197952
1215924101174505472
1215923179866284033
1215919549939253249
1215918075570245633
1215917578574553093
1215917115301122051
1215915392071278592
1215915224357883905
1215912522005590016
1215908426880110592
1215901431821000704
1215898867025219585
1215894225776205824
1215879802839883776
1215877298056024064
1215869402123505664
1215856863331471360
1215852057145548805
1215852050321477632
1215835504035483648
1215826738388852742
1215822795193626629
1215811739117375489
1215811218407067655
1215806161993244673
1215802466782105600
1215798842618187776
1216146417267376128
1216131586275627008
1216123013122416643
1216120822307442688
1216118968932556804
1216110181353914368
1216110140199329792
1216107655376228352
1216097140423954432
1216092518728773632
1216092516921020417
1216086768824606720
1216079618127618050
1216077382076989446
1216077022465789953
1216072859862339584
1216070136727252994
1216064820677615617
1216061330660175873
1216048070401646592
1216048039812640768
1216041443803922433
1216035299463176196
1216022794045095940
1216016377531727873
1216013040044380161
1215989482039713792
1215988494373478400
1215986269219622912
1215967424874471424
1215964685796810754
1215956633077067777
1215948471011770368
1215942291883536384
1215939460464025600
1215936113707188224
1215929955739107328
1215927466528772096
1215889938912366592
1215885393305972736
1215883676019515393
1215873818683637760
1215860637370404864
1215854500491284481
1215853427646963712
1215844695022231552
1215840222761627648
1215827631796604930
1215817452589932545
1215810706521690119
1215797392148246528
1216078390270353408
1215797580078178308
1216133637046972416
1216124126936649728
1216109912993996805
1216092519215308800
1216090809126309897
1216084012567007232
1216083734631473152
1216080514962116609
1216041250274541569
1216030605751783430
1215999459630469125
1215981885689647105
1215940318928961536
1215928159905951745
1215916441905631233
1215907614363734018
1215907308888363008
1215890441389977602
1215850876029538305
1216139275244376071
1216129044317720578
1216102453042610176
1216070216469372929
1216055945446469632
1216053052127531011
1216028127970897920
1216018149209886720
1215983762506502144
1215974356892966912
1215963124676923392
1215910947161808896
1215840016875868161
1216134203198320640
1216126120833290242
1216118314398777344
1216115434363199495
1216112669033488384
1216111924603248640
1216106158148276229
1216101461735682048
1216097026938736643
1216094852456296448
1216093909425819648
1216092904797745152
1216092258132471813
1216090257046867969
1216090061621596168
1216084714718744581
1216080707195371521
1216080460075409410
1216076802164232192
1216070005227511808
1216068368626802688
1216067443090694144
1216067322106073088
1216060911657635842
1216057860301492226
1216044510955831297
1216043655540232192
1216042541977460736
1216041333145702405
1216037359084625920
1216037177953570817
1216032210962321408
1216003839733772288
1216003664713854978
1216002900998131712
1216001703192989696
1215981608077086722
1215979290728202240
1215977469385302016
1215971836288208896
1215950013244825602
1215943200583639040
1215941355463200768
1215940507370688512
1215939667557785600
1215928287307931649
1215924669548843009
1215923079492395008
1215897300041641990
1215896595113414657
1215873899667156992
1215853665916985344
1215838615709933570
1215821179447103489
1215814127278612481
1215798439965003782
1215794810965065733
1215794550331117568
1216131344905973762
1216065478243778561
1216051262409539584
1215994972220153857
1215965214191030273
1215925482987958272
