id
1215416843961356290
1215414944834998277
1215414100227956736
1215411015678136320
1215399695083823105
1215397090299404288
1215392963108339712
1215392269248999426
1215379218932142107
1215366990812106752
1215357800357953542
1215345047014662146
1215343846193795072
1215407365794779136
1215390051275804673
1215384234032074776
1215377708521152515
1215373930703343617
1215371562699743232
1215370942597255174
1215363695443894278
1215355831748829184
1215355758893830145
1215355159620046848
1215350196076523521
1215349554574393350
1215343316839124992
1215342473276358656
1215339956517949442
1215338168846835715
1215332413511020546
1215330456494800896
1215327098304368640
1215325589978206209
1215324857753358337
1215324857463967744
1215322340675862528
1215319767415959553
1215317907581886470
1215317646603882497
1215315066339446791
1215313706072117248
1215313532662710272
1215313481114816513
1215313062623940609
1215313056915447810
1215308952499638272
1215305339610050560
1215303460326912007
1215302210780913664
1215302210768105473
1215295293736083456
1215294992538796034
1215294658487734272
1215294378417192960
1215293509160357889
1215293206037839873
1215290280015994881
1215287111777247235
1215287108547428356
1215286833296429058
1215283939029417984
1215272062924750849
1215266373271805952
1215265696697012224
1215264444529434625
1215264127628840960
1215259994708434950
1215259598367731715
1215258167954698240
1215258127173484545
1215255786491973632
1215254414614827010
1215252763531272193
1215252382763954176
1215251675390320645
1215251506947072002
1215246843241730048
1215245585185484801
1215243068405960707
1215242073714102273
1215242039379595264
1215241813331607553
1215241236342353920
1215238047962488832
1215235753430700032
1215235647658766336
1215234454769348608
1215234260011048967
1215233485566369792
1215233460580818944
1215230822615175168
1215229996794621953
1215229336661434368
1215229226997223424
1215228448890937344
1215226710452363265
1215226378171441154
1215225557409042432
1215222935394275328
1215220168231702534
1215220056117972993
1215219920276992000
1215218641370861568
1215217586008395776
1215215385622056960
1215214256968413184
1215212502688116736
1215211613113815040
1215210247503142912
1215210155295424512
1215204061898838016
1215204060988616705
1215202751816372224
1215201544531931136
1215198524595269632
1215197154328940554
1215194209533267969
1215189874908725249
1215188559860314112
1215187904546381824
1215185786838114304
1215184808038543360
1215184785506783232
1215181670694948864
1215180991041622016
1215180955465416704
1215180247798374402
1215180230236803078
1215179896256856064
1215179033509535745
1215178863497621504
1215178583523692544
1215177962368241665
1215176874944536576
1215176691309514757
1215175030692360192
1215173862662344705
1215173547754184704
1215171738461515777
1215171380318277632
1215170714145300481
1215170087193317376
1215167038890573829
1215166407572447232
1215166304891670528
1215160241068937216
1215159109399597058
1215158770856153088
1215158762920542208
1215158704989003776
1215158532921794562
1215149958275510273
1215145360114552832
1215141319527391232
1215137947609174016
1215129343564926978
1215122470019223553
1215121937065791489
1215110905693982721
1215095512568909824
1215094757376122880
1215087297084833797
1215079817923698691
1215075818847768578
1215075717756506112
1215075084639121409
1215419366172495872
1215416756027699200
1215410803031052289
1215410790854991872
1215398544598798339
1215397392033493003
1215393691419934720
1215389941087330304
1215389356740968450
1215357621550698497
1215355057400578054
1215346803341692929
1215330284591296513
1215326397419401216
1215326367127982080
1215325732152496134
1215325189447340032
1215315999139954690
1215312636058800129
1215305354898300929
1215301137525624832
1215294872048979968
1215294658886144001
1215286954968920064
1215280465671806976
1215272283348045825
1215272267657228288
1215267654581223426
1215266345669087234
1215264931295178752
1215261275959308290
1215253042011963394
1215250688478978051
1215245584870690822
1215243890766368768
1215243815122034688
1215241812064866306
1215241811473489921
1215235541035311104
1215233194926264320
1215232729496915968
1215230852562608131
1215230691908165632
1215229079097683968
1215227438931808256
1215226321632219136
1215223647012556801
1215219886902870016
1215211611218153472
1215210401547411456
1215209750339694592
1215209409992953856
1215207932104708096
1215206759901646849
1215205775959904256
1215205344949014528
1215203577276309504
1215203207393222656
1215202107789398017
1215200662549561345
1215191221855031296
1215190372520988672
1215190060108255233
1215189661016084480
1215184830989729793
1215184164452032513
1215183958146801665
1215177636973924352
1215171815246639105
1215171456654626816
1215157576993837057
1215129209158426624
1215325679035854848
1215317311231528960
1215304675056136192
1215302219404390403
1215299472093319168
1215299173865721861
1215298158030442496
1215293179555172352
1215279101130498049
1215273806912217095
1215273158468677633
1215272703999074306
1215252573839556609
1215243076383531009
1215239690661650432
1215237982531334144
1215237831217557505
1215234314381733888
1215232810576945152
1215223121449508866
1215222593155891202
1215221295543201793
1215219230355922945
1215215753764442112
1215213501360197633
1215213500580032514
1215213497732063232
1215195368960299009
1215192994502074369
1215185483157905408
1215180853564690432
1215165985075933184
1215163428999794688
1215160206151311361
1215159386102026240
1215158609916510214
1215158606942728192
1215157755901665280
1215135677232373761
1215132971709214720
1215116466854350848
1215367710638575622
1215264510715596800
1215164134750392320
1215325397153452034
1215422930349248513
1215422695711690753
1215422687453097989
1215422320048775169
1215421994394640384
1215421564088471553
1215421068451753984
1215420918123630593
1215420768592547840
1215420141711831040
1215419939638718465
1215419842536321030
1215419605507887114
1215419356001316865
1215419242989920257
1215419190628274176
1215418985719660546
1215418852626128896
1215418444981723136
1215418097437417473
1215417453271973888
1215417386171543552
1215417385919897605
1215417059036880899
1215417056650240001
1215415441889406976
1215414922814902279
1215414722595643393
1215413696266211331
1215413287753482241
1215413287510253568
1215411538523312129
1215410941782908928
1215410635778994176
1215410570939314176
1215410538836041729
1215410440752287744
1215410398196838400
1215410352374079488
1215410343712894978
1215410237047496706
1215410203379884032
1215410175601004547
1215409730736349184
1215409725413711874
1215409490037702657
1215409392666980354
1215409139167440899
1215408933382361088
1215408915673952257
1215408869129838592
1215408506377056258
1215408452962607114
1215408375678279680
1215408169389821952
1215407976636391425
1215407849372819468
1215407789423546368
1215407779411910656
1215407561693892608
1215407556790714368
1215407556627247104
1215407400733368321
1215407261142671361
1215407247263703041
1215407102216278017
1215406876445302786
1215406665610203137
1215406653220249606
1215406281529405441
1215406168899756032
1215405642376192000
1215405403028090880
1215405152955518976
1215405028040679429
1215404439173050371
1215404300358356992
1215403813722624001
1215403749960757248
1215403645530976262
1215403398977196032
1215403397278359553
1215403200733380609
1215403067501359105
1215402922571444225
1215402776785833984
1215402669646454785
1215402509864525826
1215402057739333632
1215401510416326656
1215401310163476481
1215401252084842496
1215401010732175360
1215400950095020032
1215400609341497346
1215400587233308674
1215400446069813249
1215400304847609859
1215400216096133120
1215400143622672386
1215399792110702592
1215399745826512896
1215399669007896576
1215399455488385024
1215399250953220098
1215399191461187585
1215398978839203840
1215398657199165441
1215397664868720640
1215397570287218688
1215397530864885760
1215397237645365254
1215397056518422528
1215396813886447621
1215396699864281096
1215396230534258688
1215396217691103232
1215396151240921088
1215396024044441601
1215395866976096256
1215395852509945856
1215395678081441795
1215395219769786368
1215394659553488896
1215394573574459397
1215394107654230016
1215394065791045632
1215393945867489281
1215393617117941766
1215393609756958721
1215393340532908033
1215393141781680128
1215393062542815232
1215393024663932929
1215392951678963712
1215392911292092416
1215392807105380353
1215392750465622018
1215392654000840709
1215392577907822592
1215392365260746754
1215392239226163207
1215391961517056000
1215391926725332992
1215391485807529985
1215391417016770567
1215391098815897600
1215390931538644996
1215390769466552321
1215390725862559744
1215390629724815364
1215390478402715648
1215390426544377858
1215390107156525057
1215389829413965827
1215389630276743173
1215389412873338881
1215389277913321473
1215389184132775937
1215389160393072640
1215389038552678400
1215388931371556864
1215388831563833344
1215388827650531329
1215388270709891078
1215387922096148480
1215387028340256769
1215386320379547650
1215385888710168584
1215385877419040770
1215385286710042625
1215385043364982784
1215384545735868416
1215384497325252608
1215384307696635911
1215384273810808832
1215384112481153025
1215383660846833664
1215383325847818240
1215383023287504923
1215383008984870917
1215382371001950215
1215382358209302555
1215382293960953863
1215381742531612683
1215381612814307328
1215381492412682248
1215381258647343107
1215381013083447297
1215380462757187594
1215380384499798017
1215379920152662019
1215379876477374465
1215379865500897282
1215379434464776192
1215379082638241793
1215379015957188609
1215378558757015552
1215378308155703297
1215377977019699201
1215377916411961344
1215377659536035840
1215377524479463431
1215377293507530758
1215377122786729986
1215377017136390145
1215376335264190470
1215376038903123980
1215375566473498627
1215375463574638605
1215375448328282113
1215375407542931456
1215375345777627136
1215374805844791296
1215374776769884161
1215374647690190848
1215374584939188224
1215374189416386562
1215374019450605573
1215373976924540930
1215373921257652226
1215373231676383232
1215372906756296705
1215372794881609728
1215372788711686144
1215372728158564352
1215372526433579008
1215372271084343303
1215372177895313408
1215371982688194565
1215371592353681409
1215371575731654661
1215371160084414469
1215370909210566656
1215370902696792064
1215370637386092552
1215370617568071684
1215370603588464640
1215370394531704832
1215370156605693954
1215370106160779265
1215370056517013504
1215370024325713922
1215369414717181954
1215369359289454598
1215368963087126529
1215368954329346048
1215368930916732928
1215368080517468168
1215367512583540743
1215367032675405824
1215366278904459264
1215365920375205888
1215365664065622016
1215365189505294336
1215365169598959617
1215364973293133824
1215364886215217154
1215364467195772929
1215364389223747585
1215364359599210496
1215364224479891457
1215364013284110336
1215363613843697664
1215363590041063424
1215363381919612928
1215363299853979648
1215362915370487809
1215362592400707584
1215362219606544384
1215361999061823490
1215361356423188483
1215361354372145153
1215360974879969282
1215360939043840000
1215360646503641089
1215360564429557760
1215360521651851264
1215360321252208641
1215360099402887168
1215360068050456576
1215360029647347712
1215359915826524160
1215359911292538892
1215359737015021570
1215359687811588096
1215359548799823876
1215359443916988417
1215359315135148035
1215359016660021249
1215358712375889920
1215358707711672320
1215358673859567616
1215358635972399104
1215358577222782976
1215358115929116672
1215358106521284609
1215357655272820737
1215357620502044672
1215357133811855361
1215356924209790976
1215356913677938696
1215356838318944257
1215356449473421312
1215356121181040640
1215355611589857283
1215355475006500868
1215355030120861698
1215354311565283334
1215353854633660416
1215353669375406081
1215353453037395968
1215353066267926528
1215352903709478915
1215352692337410054
1215352673492447234
1215352562863476737
1215352557285134336
1215352051573587969
1215351978928361474
1215351891107942401
1215351830869356546
1215351752591101953
1215351727278493698
1215351698459328512
1215351532167815178
1215351281247612930
1215351157931069440
1215350985402540032
1215350433042051073
1215350228448137216
1215350012915408896
1215349899144900609
1215349488715554822
1215349480855343109
1215349298361139201
1215349267885363200
1215349192991936513
1215348950179418117
1215348879639699459
1215348839395348483
1215348746571190272
1215348144843763712
1215347978900246532
1215347908989661184
1215347621214216193
1215347417987604485
1215347232913969154
1215347112533200896
1215346854419947520
1215346580905234432
1215346366026801153
1215346363237650432
1215346164213723142
1215346091912302593
1215345773476556807
1215345576495276034
1215345421037506560
1215345387462168576
1215345283829243904
1215345036453457921
1215344652905254912
1215344644906680320
1215344585062469638
1215344376416739329
1215344286457311238
1215344031754006528
1215344023336050688
1215343869023395840
1215343763473805313
1215343013540569100
1215342736028635136
1215342707968806912
1215342387498770432
1215342313989382147
1215341868017442816
1215341854700589059
1215341571207503876
1215341533047795714
1215341211734761473
1215341193145520128
1215341077584056320
1215341046512701442
1215340859694206977
1215340829864316930
1215340781524922369
1215340711169708032
1215340669465694208
1215340461298196480
1215340403504898050
1215339995201986561
1215339957633478657
1215339885667717120
1215339368791060481
1215338464150986752
1215338161892745218
1215338059450982402
1215338025330388992
1215337788641509376
1215337662250438657
1215337287912951808
1215337241519755264
1215337004625358848
1215336839671959552
1215336513434791936
1215336511543169026
1215336012395831297
1215335844048928768
1215335117234806785
1215335096519217152
1215334958660755461
1215334884438351873
1215334686811131905
1215334312058540037
1215334174174744576
1215333759576309760
1215333741867995138
1215333573043138561
1215333486040698885
1215333362434560000
1215333351789297664
1215333314673901568
1215333180934447104
1215332935164932098
1215332825047674882
1215332723721670656
1215332651726516231
1215332470889099296
1215332380673822720
1215332300759715840
1215332252688814082
1215332145306226689
1215332129640525824
1215332076226011137
1215331925126189056
1215331645806600192
1215331344798113800
1215331258185678848
1215331257619488770
1215331197020143617
1215331016459673600
1215330816190025729
1215330757037694976
1215330606562861056
1215330581053046786
1215330575629811712
1215330405177425921
1215330157239709697
1215329922748645376
1215329902179815424
1215329681622343680
1215329651075059712
1215329032021192705
1215328961091252224
1215328880418050050
1215328544374640641
1215328338929225730
1215327810010652673
1215327777060057088
1215327761612537861
1215327372913840128
1215326756678311937
1215326644044431375
1215326612499116032
1215326601690468356
1215326529376456708
1215326478126272512
1215326402486185985
1215326175238803456
1215325982275620869
1215325969554296834
1215325496394862592
1215325412617789440
1215325055543959553
1215324893497061376
1215324786009804800
1215324721463615490
1215324630841548805
1215324593403105282
1215324565481672708
1215324408212049920
1215324150014926849
1215324040891641856
1215323849740431361
1215323803452133381
1215323657192591360
1215323576229924864
1215323499763576832
1215323437217931264
1215323385510682624
1215323353537503232
1215323265285136384
1215322781807775744
1215322762539163649
1215322717500649473
1215322501309485062
1215322490349682690
1215322427233914882
1215322333252083718
1215322211273379841
1215322060316205057
1215321973477249029
1215321970465820674
1215321830447362048
1215321787971645440
1215321684015828992
1215321414586241025
1215321025673646080
1215321001522860033
1215320802553483264
1215320381172736003
1215320235823243264
1215319914128474113
1215319870834905089
1215319852665229312
1215319799829598209
1215319781525671937
1215319748797485064
1215319554659844096
1215319442110013444
1215319285872103430
1215319152229015552
1215318397300412416
1215318340652224512
1215318200339988480
1215318181264404487
1215317991665086470
1215317875726131201
1215317765386637318
1215317678514044928
1215317550524960768
1215317181484933120
1215316753858932736
1215316643896811520
1215315657904009221
1215315627281453058
1215315612429438977
1215315515754917889
1215315422880436224
1215315379762929668
1215315303321735168
1215314897057259520
1215314458962288641
1215314249511206914
1215313991934914560
1215313752993734656
1215313615982596098
1215312349126627329
1215312177873215488
1215312086454210563
1215312005881565185
1215311813090447360
1215311653207707648
1215311587990560770
1215311465571332101
1215311404535885826
1215311401218035712
1215311177405943810
1215311091045150721
1215311013417029634
1215310692796051457
1215310623136976897
1215310001700573184
1215309913896951810
1215309760288813056
1215309731595718657
1215309422874054656
1215309380809347075
1215309176534183937
1215308613100736513
1215308087583703043
1215307837397749761
1215307690743824384
1215307419791740928
1215306585398005760
1215305713272217601
1215305705810464769
1215305505087815680
1215305194956824577
1215305044939198464
1215304953650171904
1215304943118299138
1215304528255471619
1215304099874451456
1215304074935132161
1215303995926941697
1215303936904769536
1215303867883233287
1215303763084435456
1215303760798457857
1215303706343870464
1215303569827663873
1215303341120610306
1215303065236131847
1215303058827218946
1215303029060251655
1215302919353970688
1215302828769583104
1215302572308934657
1215302428234592257
1215302061396578305
1215301901979394048
1215301648626671616
1215301510302773249
1215301450764619776
1215300609479450624
1215300428000387077
1215300313256734721
1215300177608761349
1215300063502766082
1215299978970771457
1215299682181709824
1215299630839357443
1215299553802539008
1215299423414210562
1215299284414816256
1215299261060931585
1215299186415017984
1215299140466499585
1215298959746486272
1215298917799063553
1215298723984613377
1215298632607551489
1215298623904387074
1215298565347729408
1215298229627248641
1215298092641267712
1215298041806237696
1215297873295921152
1215297682169913349
1215297542877073408
1215297367232126984
1215297196796600321
1215296998045310976
1215296542665592832
1215296193233858560
1215296121947508737
1215296064489693185
1215295712298258434
1215295629724962818
1215295438141698048
1215294994883457024
1215294966479687681
1215294882329387009
1215294760795222016
1215294642771632130
1215294536668393473
1215294462097838087
1215294356116189184
1215293831421276160
1215293612973490192
1215293454567165953
1215292446210428929
1215292397036371970
1215292382725406722
1215292354384596993
1215292333073293313
1215292193243586561
1215292027140804609
1215291902305632268
1215291810320437250
1215291795703246849
1215291763616833536
1215291619836145664
1215291534553354240
1215291528895180800
1215291290470010882
1215291278524633088
1215291221607964679
1215291050086014982
1215290990292017157
1215290801384648706
1215290485188722695
1215290387708960769
1215290091637223424
1215289720466550784
1215289540719661058
1215289189387902976
1215289125223399424
1215289064271810563
1215288870629257218
1215288854502150144
1215288738827456512
1215288541728604163
1215288340318183425
1215288300048670720
1215288131693486080
1215288054296072193
1215287788196765696
1215287350609293313
1215287335279001606
1215286307175440385
1215286034122133506
1215285848704503815
1215285810729291786
1215285357635350528
1215285044547330048
1215285004953096197
1215284914050019329
1215284761498918919
1215284178603925504
1215283997330300928
1215283867902410752
1215283822444589056
1215283421972443136
1215283319287533569
1215283312169758722
1215282596751515649
1215282292798693377
1215281838979076096
1215280817158541313
1215279561484537856
1215279501250351105
1215279446095167488
1215279189592551435
1215279188363612160
1215278697424605187
1215278564528001025
1215278499474395137
1215278476422471680
1215278469187280898
1215278419094753286
1215278218334306304
1215278202958032896
1215278166446608390
1215277900011839488
1215277865366933504
1215277814775271424
1215277725969240064
1215277223831375873
1215276812273684484
1215276760432021504
1215276523730632704
1215275783872081920
1215275616414654465
1215274778426331137
1215274413303783427
1215274296056188929
1215274098173120513
1215274063314157568
1215273693032656898
1215273609905737731
1215273545972027398
1215273212369670146
1215273070711185409
1215272901353594880
1215272886413537282
1215272827294822401
1215272329644793856
1215272090317795328
1215271781659041792
1215271508194594816
1215271400841338880
1215271205466492928
1215271158725124096
1215271024377434112
1215270120634900481
1215269918079320064
1215269867672174597
1215269170138550272
1215269112953200643
1215269085652705281
1215269075779276800
1215269025820872705
1215268977469001728
1215268331055390720
1215268172779204618
1215268167980851201
1215268056362102785
1215267977467256837
1215267778590101505
1215267742489681928
1215267588776873985
1215267474486255618
1215267223931179008
1215267140808388608
1215266516062568448
1215266342582079492
1215266263188025346
1215266221974851587
1215266028520951808
1215265892814270464
1215265848262299656
1215265680620236801
1215265628967395329
1215265438596247553
1215265397286457344
1215265379083153408
1215265150573465601
1215265049935261697
1215264971615023105
1215264817361059841
1215264743646289926
1215264551068938242
1215264516893704192
1215264507926401024
1215264499575525377
1215264493070176258
1215264266800025600
1215264264832851969
1215264184067411969
1215264111468085254
1215263898213011456
1215263762669764609
1215263569677291521
1215263536882028545
1215263429763702784
1215263202466062336
1215263175446355968
1215263152042016773
1215262718736969728
1215262607805906945
1215262573844664320
1215262548720803840
1215262525043945472
1215262434778202113
1215262245476847617
1215262242305912832
1215262226283712512
1215262169450893314
1215262128514400257
1215261834976153609
1215261674229231617
1215261209882177543
1215261164713783298
1215260959905910784
1215260834051624960
1215260783724187650
1215260160706457605
1215260005085188096
1215259725689950208
1215259662758662145
1215259256427028480
1215259240111255554
1215258978130722817
1215258808559251456
1215258730184441857
1215258692209250305
1215258678712000519
1215258474017198081
1215257845236748288
1215257274853265408
1215257202895872000
1215257055285727233
1215256946854518785
1215256739370676226
1215256656147374085
1215256456401969153
1215256298251608064
1215255615347613697
1215255610402492416
1215255520367476737
1215255413739802624
1215255172529754113
1215255006389133317
1215254786318249985
1215254618013421568
1215254065233498124
1215254056182087680
1215253758554378240
1215252916270968832
1215252905135083527
1215252894905139200
1215252886080409605
1215252842786775041
1215252818686332928
1215252699266109441
1215252672254746624
1215252003502411777
1215251912489988096
1215251853602185216
1215251377171128322
1215251361492819969
1215251300931330049
1215251251878907904
1215251091991998464
1215250867844255745
1215250792229285888
1215250777792483328
1215250691641335809
1215250688596414464
1215250481968222208
1215250292339552256
1215250226740633601
1215250086416015360
1215249819507339264
1215249687160078343
1215249649004679168
1215249348151386113
1215248976053665797
1215248906390573058
1215248887532924928
1215248875105198081
1215248762932727808
1215248650445697024
1215248319779393538
1215247915578470402
1215247675198558208
1215247669179965440
1215247360600813569
1215247305412173825
1215247200487239680
1215246830126206976
1215246758089035778
1215246528065024001
1215246417054269440
1215246335663857664
1215246132445663232
1215246120882003968
1215245930380873728
1215245666475302914
1215245660544434176
1215245580055826432
1215245157127290881
1215245149833482240
1215245055788752900
1215245038982254592
1215244993134235649
1215244895285383168
1215244813903257600
1215244638979788800
1215244622538006528
1215244428052516865
1215244286628913152
1215244211538350080
1215244165254172672
1215244126662332416
1215244113047695361
1215244080625700865
1215243891315761152
1215243678744240130
1215243620065914880
1215243418659708929
1215243285389873152
1215243184621735937
1215243049737031681
1215243007143882753
1215242893713125378
1215242742986616832
1215242337942736898
1215242268426276864
1215242142890721282
1215242128265285632
1215241340595986432
1215241223268683776
1215240966606671873
1215240682757070848
1215240176177483778
1215240110662471681
1215240001597906946
1215239906068443140
1215239452039225345
1215239389967720448
1215239171733893120
1215239091576549376
1215238938622930944
1215238803683790848
1215238540847697920
1215237940680392704
1215237594981847040
1215237381479112704
1215237370859094016
1215237104252473346
1215237080776945670
1215237053073559554
1215237031678353408
1215236860005572608
1215236777545490432
1215236775309910016
1215236685220450305
1215236588667592705
1215236482119528448
1215236368307191808
1215236098290601986
1215235970313916416
1215235614582460416
1215235527282167808
1215235492570157057
1215235270964142080
1215235173983358976
1215235169390669824
1215234935805661184
1215234652090388482
1215234299118489601
1215234260522672128
1215234251521777665
1215234077059702785
1215233953088577542
1215233828316426245
1215233547998580737
1215233249649266688
1215232664317366272
1215232544515526657
1215232513469186049
1215232237542760448
1215232160405303297
1215231944084148224
1215231752131751936
1215231743566872580
1215231249238962176
1215230918408929288
1215230668675919872
1215230603630649345
1215230070073196544
1215229630568857600
1215229441640665088
1215229232093245441
1215229033622974464
1215229022734557184
1215228935132368897
1215228766588370949
1215228556046938112
1215228490154463237
1215228460970520577
1215228146183757826
1215228076566745093
1215227995964747776
1215227880667525120
1215227667529838594
1215227646742814721
1215226792124059648
1215226535172616195
1215226505523073025
1215226438984642561
1215226417711058952
1215226209509838848
1215226135950364673
1215226130233352192
1215225824451997698
1215225585057837056
1215225314953039872
1215224785480880129
1215224715914227712
1215224507037777921
1215223495245869057
1215222306227785728
1215222224430350336
1215221798964469760
1215221615916650496
1215221377843810304
1215221329395429377
1215221229248008194
1215221111300018176
1215220922828906497
1215220877060648960
1215220728116785152
1215220696839872513
1215220348599316482
1215220282404765698
1215220238624665600
1215220223135100928
1215220130403233792
1215219946097184768
1215219575140294656
1215219574502821888
1215219448837263360
1215219201918541826
1215219165621116928
1215218828663238656
1215218627617619969
1215218530255298560
1215218190759989248
1215218133503553538
1215217753612832768
1215217713418776577
1215217298253860865
1215217268470296577
1215217258198335489
1215216987607126021
1215216923929194496
1215216744245211136
1215216605136871425
1215216546215288833
1215216332972724225
1215216311955005441
1215216161501130752
1215216135542575104
1215216057511817216
1215216037207183360
1215215675763036165
1215215644318294017
1215215626115002368
1215215555898200065
1215215434930192390
1215215391221395463
1215215333709139968
1215215240574574597
1215215230147493888
1215215168805855233
1215215022785343489
1215214942720352256
1215214923942375424
1215214780128071680
1215214760045707264
1215214742626885632
1215214693083643904
1215214550066352128
1215214354519535616
1215214120800342016
1215214105155469312
1215214063006908417
1215214053188165633
1215213995004776448
1215213812451807232
1215213765190463488
1215213733829578753
1215213323266019329
1215212950983716864
1215212867110277121
1215212855919771648
1215212031479091200
1215211993562537985
1215211302882246657
1215210662907064320
1215210408275038210
1215209972897845251
1215209944804360193
1215209587097460736
1215209170317778944
1215208892365451264
1215208850049073153
1215208685938597888
1215208453418995712
1215208451846168576
1215208393390141440
1215208336334970880
1215207852337455104
1215207271929712640
1215206608512397313
1215206315754168320
1215206098124394497
1215206000476684289
1215205900144848896
1215205572200615938
1215205191106138113
1215205162760966144
1215204802763935746
1215204509909123074
1215204506767699969
1215204318447652864
1215204246821445633
1215204210503045120
1215204062024486912
1215203867211845632
1215203134773047297
1215203078963638272
1215202988219863040
1215202576767037440
1215202526812889088
1215202510006255617
1215202476074377218
1215202272126349313
1215202264559890432
1215202196888997888
1215202140198785024
1215202110901497856
1215202078353756160
1215202023433555968
1215201984782925824
1215201898002862080
1215201632650244097
1215201573099450368
1215201521207369728
1215201491050532865
1215201386155184128
1215201157288792065
1215201136560361472
1215200992066666497
1215200937696006144
1215200910533713920
1215200628609310725
1215200369468375040
1215200290950930433
1215200251956600834
1215200062562635777
1215199475704258560
1215199340454719488
1215198991983529985
1215198882822488064
1215198876334002176
1215198749355540482
1215198588537638912
1215198545910927361
1215198455351693314
1215198288246427656
1215198194356887552
1215198187151134720
1215198053105389568
1215197869713645569
1215197839376158720
1215197694265786368
1215197492272300032
1215197474161295366
1215197437847097344
1215197396273115136
1215197361280036864
1215196594112466945
1215196571928875008
1215196500378234880
1215196264532512768
1215196225059917824
1215196136677486593
1215196051734441984
1215196036391550976
1215195947736670208
1215195892808134657
1215195874596478976
1215195544311795713
1215195480998760449
1215195375662813186
1215195140693905408
1215195129683890177
1215195114064224256
1215194470049820672
1215194285777281024
1215194218831978496
1215193892007698433
1215193752542830592
1215193630408957952
1215193620829147136
1215193371456745473
1215193199905513473
1215192824213397504
1215192751953723393
1215192425829928960
1215192349955051521
1215192103111790592
1215192071180640257
1215191943787008000
1215191918147260416
1215191704518774784
1215191334912495617
1215190827858829312
1215190823505145857
1215190455748628480
1215190434261106689
1215190379399483393
1215190196003786754
1215190175464263680
1215190070313078785
1215189630062071808
1215189530531303424
1215189523933478918
1215189430639693824
1215189315136839680
1215189293766864897
1215188690584199168
1215188556110606336
1215188424073805824
1215188286693695489
1215187968714952704
1215187906517700608
1215187887421116422
1215187875521679361
1215187834690330624
1215187470695841792
1215187375552442373
1215187325908660225
1215186525962620932
1215186426628919298
1215186328746201088
1215185983047716864
1215185906568744960
1215185353809833984
1215185320314011648
1215185202051452928
1215185015660777474
1215185010732556288
1215184976221634561
1215184929811644416
1215184702392455169
1215184643785359360
1215184590706499589
1215184432409251841
1215183638679183360
1215183628071772160
1215183469472514050
1215183270679400448
1215183236059582464
1215183233689772032
1215182609396981760
1215182374629249025
1215182361954078720
1215182297755987968
1215182191472398336
1215182095817105408
1215181908050616326
1215181907358601216
1215181811338432512
1215181801465040896
1215181447545401344
1215180667107061762
1215180489285414913
1215180439582859264
1215180135906803713
1215180073533243395
1215179866414338048
1215179542429683712
1215179452549935104
1215179361588011008
1215179217668841472
1215179161096114176
1215178978430005249
1215178923614593024
1215178890093744128
1215178633050054659
1215178581871034369
1215178536815923201
1215178078659497985
1215178071105515520
1215178051123924993
1215177995536814080
1215177746982281216
1215177640207953920
1215177626882658304
1215177498830438400
1215177394094473222
1215177155530887169
1215176983052800001
1215176498660945922
1215176343509504000
1215176236844113921
1215176161468342273
1215176111577030656
1215176059626409984
1215175956207411200
1215175896056942592
1215175516614995968
1215175432200425472
1215174830141726720
1215174627162501120
1215174267358392326
1215174208361123843
1215174014248857600
1215173827145105409
1215173711768313856
1215173643535290373
1215173637772398593
1215173526568738816
1215173403927285760
1215173310289522688
1215172356106264577
1215172193807749120
1215171870754058240
1215171760787771392
1215171586275315712
1215171573264592896
1215171332612206592
1215171179243241474
1215171019427717120
1215170830201696261
1215170670386085888
1215170331406733312
1215170226570125313
1215170183574192130
1215170084072763392
1215170050459623425
1215169931236585472
1215169847874572288
1215169781449531392
1215169262660222979
1215168722026917888
1215168319524765697
1215168004075540480
1215167973541011456
1215167863369146368
1215167466910953472
1215167200232906752
1215166834611232771
1215166501667377152
1215165560641601536
1215165434640642050
1215165164619796481
1215164656148537344
1215164579417935872
1215164434835857408
1215164121651523584
1215163683929759744
1215163339342598145
1215162932683608064
1215161945965223937
1215161884518879232
1215161766549868544
1215161617203093505
1215160762227924992
1215160710491246592
1215160582787256325
1215160006825447426
1215159865737383936
1215159495183216640
1215159490229800962
1215159041682497536
1215158180763897857
1215157739615334400
1215157296206176257
1215157046099750912
1215156638744764416
1215156322691428352
1215156013743124480
1215155594262458369
1215154066415915008
1215153784369926145
1215153502768504832
1215153423886290945
1215153252775280641
1215153152854503425
1215153010193633280
1215152532386975744
1215151870953578497
1215151296883326976
1215151293616087040
1215151048379240448
1215150987003994112
1215150963738189824
1215150716647608320
1215150552864231424
1215150260370255873
1215150028576186368
1215149599805059073
1215149446960500737
1215149267649728518
1215148978179846145
1215148910370590720
1215148830192173056
1215148669407834117
1215148509298679809
1215148492299128834
1215148167106306052
1215148108423798784
1215148080372363264
1215147845952647169
1215147805267890184
1215147796795445249
1215147499725426688
1215146956667924482
1215146817047990272
1215146056691916801
1215146025738022912
1215145775065268224
1215145460740083713
1215145359980232704
1215145234675523584
1215145097114849283
1215145062054727681
1215143873867108352
1215143337805668352
1215143056942354434
1215142864969248768
1215142370234261504
1215142209584009216
1215141896093347841
1215141671534460930
1215141555159388160
1215141348908642304
1215140835303575552
1215140677631254528
1215140582860951552
1215140531208118274
1215140457824518145
1215139490714595328
1215139370304528385
1215139060148207616
1215138881152126977
1215138699865776129
1215138407086788609
1215138155382411264
1215137971332100096
1215137262389821442
1215137150943014913
1215136903823007744
1215136175385534464
1215135803967406081
1215135782798811136
1215135220359405569
1215135142504751104
1215134831190990849
1215134721878917120
1215134452294139904
1215133984809725952
1215133604675751938
1215133573663150081
1215133471183601665
1215132893665689600
1215132843141160961
1215132609753374720
1215132516606189568
1215131596703043586
1215131582207614976
1215131482018193409
1215130998905692160
1215128573058654209
1215128351595204609
1215127872240640000
1215127671979593728
1215127593902469120
1215127171943096320
1215127034390810625
1215126006606049280
1215125984116191234
1215125335026491393
1215124862781546496
1215124359792222208
1215124280188592128
1215123917326733313
1215123648606064641
1215123557849665538
1215123328257622016
1215121737798516739
1215121581195874304
1215121562522804225
1215120848048226307
1215120757124214787
1215120633291472897
1215118995906596864
1215118210061733888
1215117842602958850
1215115799398158336
1215114186394566656
1215112814580371457
1215111202872930306
1215111063244550144
1215110901289930753
1215110713871499264
1215110352926597125
1215109704952766465
1215109197110611968
1215107244171440128
1215105167298678784
1215104886527930369
1215103949486858242
1215100897623187456
1215100412426178563
1215098479757926400
1215098328838483968
1215097827405324288
1215096544782929920
1215096524541251585
1215095574866944000
1215095241113423873
1215094944739811330
1215092607019364358
1215092058182037509
1215091237306368001
1215091041881247745
1215090610966814721
1215090157256347648
1215087027068248064
1215086969782439936
1215086388879728642
1215086162769055746
1215085680415727617
1215084592727830528
1215083190995640320
1215083056769458176
1215082826158178304
1215081939507523589
1215081870095941632
1215080911277944832
1215078577860902914
1215078471594016768
1215077977643503617
1215077139818610688
1215076773161054208
1215076719180374016
1215076289687760896
1215076278820360192
1215076181789286400
1215075466320719872
1215074683881738240
1215074539148726272
1215073170736263169
1215072867219537920
1215072253278289921
1215071936906178560
1215071543262359554
1215071425985466374
1215071315318779904
1215070056108916736
1215070021162016769
1215069939343806465
1215069718622633984
1215069462556225536
1215068784094064640
1215068459211640832
1215067770691428353
1215066236616413184
1215066023726108673
1215065853554757633
1215065427182870531
1215065283494281216
1215064924289929217
1215064231172825094
1215063282660380680
1215062677850030081
1215062150277992448
1215062095542267906
1215061766884986880
1215061261697867777
1215061010614308864
1215060896780779520
1215060764874158083
1215410827580379139
1215410346720210944
1215400844922970113
1215400572087611395
1215399957064224774
1215399327994130432
1215396690116653056
1215396131460538369
1215392696623419392
1215391953338191877
1215388625891971082
1215388515636326400
1215387882472513536
1215386325085556736
1215385857378717697
1215384688984035329
1215379760899088384
1215379115462856705
1215378786176454656
1215378531070418945
1215375627450306560
1215373810922393610
1215372434867675137
1215365067664961537
1215365020743360514
1215362740757434368
1215361008396533767
1215360680515125251
1215357784839151616
1215355657303576576
1215355476986208256
1215354750256001024
1215353975886766082
1215353667487965184
1215351452350197760
1215348358388371461
1215345442390716416
1215340859920650240
1215340701346684929
1215336935796899847
1215336616342040576
1215334328072318976
1215333401617715200
1215329683530768385
1215320148934123520
1215317415485231105
1215316336219430913
1215314094422745088
1215310917694640134
1215310535736033280
1215310196970598400
1215304447527702538
1215303452408066050
1215300454323834880
1215299049240301568
1215297819231342593
1215292432818020352
1215287809608757250
1215286365673443328
1215284907251044352
1215283603413835778
1215283211649081344
1215281281023578112
1215281096688054274
1215275531446489088
1215271680794296322
1215263959206461441
1215262981807857664
1215262859334123520
1215262467112210432
1215257291932479489
1215255255547510785
1215254040856100864
1215251406531235840
1215249822858600454
1215249525578850304
1215245896172167170
1215243495495127040
1215240733101371393
1215238350657015808
1215225647116816386
1215221695054843904
1215219260278132736
1215207850516996102
1215205516265295873
1215194109977284608
1215193258558550017
1215189241426251776
1215188783248879616
1215182197046595584
1215181906855124993
1215177958610042880
1215176663044182016
1215168265737162752
1215159755477356544
1215157827586666498
1215155778073583618
1215142967998124033
1215136698167853056
1215135822413991936
1215097481811374080
1215081766358261761
1215079415811469314
1215077712915849216
1215077678367289344
1215070831589691397
1215065082230722560
1215064417903267840
1215420715647762435
1215420474877980674
1215408833734029313
1215407576306921481
1215404600402030592
1215399963758338050
1215394891230064640
1215393479167299584
1215392218116251653
1215388043940651008
1215380099303989248
1215378248739237888
1215376748172529664
1215376304842969088
1215374107883311104
1215370371039408128
1215366896482226182
1215366354188013573
1215362375769038854
1215359556118876160
1215357291425419264
1215353779459186688
1215352447352238080
1215333865247707137
1215333296143503360
1215324684100595713
1215321261687103489
1215320191195807746
1215318967407038465
1215318494545436674
1215318226323804162
1215315996782800897
1215309905353170944
1215303872329265153
1215293053356904449
1215287635209596929
1215264106854387713
1215261927888211968
1215261106106720256
1215256196892053504
1215254190785728517
1215243059119771649
1215235656026337280
1215233375004450816
1215230762347384833
1215223754252521477
1215222696776171521
1215222278918676480
1215220443155771394
1215218188155310080
1215206539528736770
1215204317151531008
1215199262709047296
1215198513371533312
1215198496174854144
1215190960617021440
1215188125565276165
1215161733356101633
1215148298148962310
1215145172184502273
1215142771712983040
1215071946523713537
1215066524379156480
1215403056239607813
1215177739797520384
1215173900050534400
1215418259597602817
1215379190909931520
1215377887521660929
1215376495599869952
1215355580820402178
1215319419708043264
1215296825554604032
1215295911489949696
1215289732135034881
1215289350742855683
1215289289300463616
1215282743577325569
1215271369535115264
1215265629474820096
1215264166832955392
1215248299994832896
1215226176966447105
1215211607573303301
1215210780846710784
1215208359781195782
1215197144782602240
1215178949778649088
1215139961978179584
1215125916961079296
1215114209916223488
1215110301940703233
1215086798780665864
1215073221269172227
1215382381668044812
1215379153945595914
1215344824267825152
1215341963177811969
1215316015321690112
1215303879535054854
1215213959252447234
1215179450305916928
1215081350417416192
1215413227280130048
1215382817586262016
1215416527522091012
1215413859307180033
1215408702842449920
1215407407200985088
1215395094246907907
1215394353109196800
1215385780966887425
1215383238237138945
1215382920946384896
1215378842577244173
1215378044464091136
1215370408159055884
1215359885275279361
1215359092606279681
1215353396707893254
1215352426380828673
1215351614984290305
1215350692224868355
1215339929817010176
1215336074752466944
1215326477912367105
1215323516968620033
1215322473442484226
1215318923551309824
1215317552324403202
1215317300162809857
1215315078163128323
1215314649396191234
1215313088649535488
1215311766621761536
1215310267439112192
1215310227916181504
1215307155852681217
1215306612275138562
1215299284809277441
1215290867956834304
1215290736398229505
1215290550439632896
1215289870333116418
1215288710599708673
1215278555451600903
1215278168942219264
1215274916515405826
1215274302267953153
1215271302162014208
1215265006121635845
1215259321405263872
1215248670792339456
1215237244061200384
1215228476292325378
1215220052238139393
1215214751736913920
1215207064684957697
1215201343348060160
1215178084527345664
1215153639045681152
1215144236347285504
1215140166341398529
1215095688314458112
1215089501917282304
1215088916669386753
1215072307942694913
1215070876133142528
1215414649581187073
1215414098420207616
1215381568119869445
1215361382171979776
