id
1214649288233500673
1214631674434084865
1214631358338875397
1214607746995302400
1214598048237707265
1214593986662412288
1214575741834276865
1214512473115709442
1214474619534692352
1214469356127584256
1214468986349314055
1214429320774635520
1214420505593286657
1214398078633074688
1214342395849887747
1214686720970633216
1214443315032018945
1214595947990339585
1214400084852563968
1214698173203136514
1214698148859449345
1214698077107425280
1214697916964716546
1214697709069897728
1214697371742822400
1214697081690099712
1214697050039889933
1214697047242268675
1214696814823260161
1214696590780370944
1214696269714743297
1214695966101721088
1214695777525743621
1214695656457158656
1214695517491519489
1214694879433019392
1214694484421812226
1214694373981589509
1214694366712860678
1214694197871226883
1214693846220787712
1214693786762256384
1214693445685665793
1214693201275228161
1214692676827779072
1214692608863342592
1214692539011338241
1214692330063749120
1214692305774485505
1214692304302333959
1214692181228826624
1214692074248966144
1214691955785031680
1214691922100527104
1214691774863675394
1214691729359671296
1214691598858100737
1214691410626134019
1214690987718717442
1214690820164669441
1214690758462193666
1214690413367504897
1214690339979776001
1214690314264469504
1214689967521304582
1214689826433372162
1214689766408642560
1214689651195293697
1214689459960238082
1214689457271648261
1214689440209215489
1214689377022095360
1214688588421632005
1214688576304275457
1214688545136431104
1214688416916480000
1214688399984091137
1214687983451955204
1214687765360717824
1214687525282992130
1214687311042162688
1214687146042429440
1214687076677029888
1214687055202193408
1214686879628611585
1214686064461389824
1214685685141135361
1214685510687432706
1214685041319698432
1214684907026472965
1214684882905042944
1214684863233703936
1214684811530514438
1214684808951083015
1214684734200127489
1214684465806630915
1214684420914974720
1214684244041224194
1214683939987697667
1214683934950379520
1214683771372478464
1214682881139843072
1214682781407752193
1214682603086909441
1214682555515113472
1214682495326834689
1214682417870639106
1214682324379590656
1214682100869279747
1214681845868191749
1214681619535220737
1214681510705553409
1214681385350443009
1214681373379846144
1214681174913761280
1214681130819035136
1214681013844086784
1214680902548283393
1214680758935343104
1214680461160648705
1214680296274178049
1214679718307532802
1214679685206020102
1214679566498910215
1214679367529439232
1214678984581173251
1214678784059854848
1214678651821797376
1214678633085898752
1214678621824192512
1214678491670745097
1214678488080367621
1214678001360736257
1214677974227832834
1214677811891441666
1214677804442411008
1214677730639466497
1214677698880188416
1214677679867334656
1214677575206948864
1214677358810148864
1214677338887262208
1214677023018364939
1214676857502806021
1214676637310210048
1214676576878649345
1214676452249079808
1214676221226897409
1214676184979660800
1214676077831970821
1214675633407746048
1214675211565617152
1214675148718190593
1214675000822816769
1214674783654334464
1214674715882729473
1214674474278293505
1214674451633070080
1214674400131387398
1214674373463986176
1214674339318116355
1214674202722258945
1214674108337852419
1214674036430532608
1214674002792402945
1214673997511712772
1214673916171636737
1214673646641451009
1214673567822045184
1214673544128299008
1214673413207416833
1214673355313471494
1214673193098776576
1214673095279013889
1214672835932835848
1214672827070271489
1214672372437049347
1214671718570168320
1214671441205121026
1214671400033607680
1214671220953755649
1214671094281592832
1214670994314539008
1214670779595575296
1214670716982964224
1214670678949081094
1214670110444736514
1214670095529717761
1214669861240156161
1214669539096563712
1214669371194445824
1214669215501824001
1214669208774172681
1214669048727904256
1214668904892637184
1214668676303147008
1214668540734775302
1214668439140339715
1214668412724613121
1214668050349330432
1214668029960900608
1214667914592366592
1214667859437215744
1214667726872031232
1214667563206160387
1214667557438967811
1214667552997163013
1214667448877813762
1214667395241041920
1214667125983522816
1214667060359434246
1214666986912923648
1214666857669681152
1214666842909724673
1214666796416032768
1214666696100917248
1214666508070268929
1214666220819111936
1214666117471444994
1214666049557274624
1214665977503342596
1214665968905003008
1214665954581454851
1214665921169645568
1214665810909835265
1214665698955448320
1214665172511526913
1214665072582307841
1214665071797973004
1214664959898144768
1214664955041112064
1214664946207862784
1214664944492433408
1214664835050414083
1214664817417564161
1214664550236217345
1214664365032562690
1214664303867047937
1214663873070063616
1214663726411997184
1214663567246536704
1214663446807101448
1214663185447444480
1214663048021102593
1214662938612682760
1214662930190491649
1214662733397942277
1214662545585381381
1214662210917679110
1214662205322539008
1214662193817538560
1214661916141993984
1214661838736175104
1214661610318503937
1214661541578125315
1214661447575384066
1214661404776697857
1214661282323935233
1214661257132957696
1214661245707702277
1214661110575620096
1214661060722143232
1214660942975438848
1214660853779324930
1214660813891334144
1214660784103600131
1214660682240663556
1214660603891068928
1214660480251252736
1214660193444868098
1214660002088181760
1214659921276481543
1214659891148808192
1214659729118633986
1214659648042786821
1214659561963044868
1214659447164821504
1214659423068721153
1214659397709746176
1214659387308085248
1214659283364638720
1214659066263482368
1214658895504912389
1214658827372695554
1214658520135733258
1214658400103124993
1214658321023750153
1214658163867340801
1214657944190668800
1214657872564494336
1214657821813424129
1214657706692415489
1214657667068772352
1214657617416601600
1214657342375153664
1214657263941627906
1214657253544013824
1214657075734859777
1214657022878265350
1214656980238917633
1214656925893320705
1214656880242499587
1214656535130972161
1214656533176504327
1214656367593697282
1214656263839191040
1214656110268944385
1214655920682283009
1214655738456559616
1214655602309451787
1214655256413573121
1214655240496173061
1214654966603927555
1214654804330532875
1214654679378022400
1214654662143619074
1214654649489334273
1214654402356744193
1214653833021984777
1214653699236216838
1214653527353630725
1214653503798464512
1214653364555792384
1214653319454560256
1214653180421779457
1214653128303423492
1214653043704238080
1214652866733973510
1214652673376575498
1214652645601939458
1214652542413627392
1214652427640676353
1214652367167217664
1214652072966152193
1214651924823322638
1214651873413812231
1214651690839937024
1214651477978992645
1214651319061032965
1214651311091781635
1214651032145412096
1214650983000748040
1214650927380082688
1214650895042043904
1214650893733376007
1214650892160507905
1214650872136896513
1214650770555056128
1214650728255512577
1214650677915340801
1214650525276418053
1214650487221428225
1214650413082742784
1214650195943800837
1214650097893556225
1214650072815874048
1214650003899195392
1214649815646298112
1214649768888209408
1214649729675677696
1214649716681654272
1214649644178968581
1214649486435332100
1214649260433715202
1214649254204985344
1214649179320016896
1214649073925574656
1214648959723036673
1214648927829540865
1214648722359046144
1214648617799172102
1214648607758004224
1214648588023877639
1214648556201693190
1214648429479104513
1214648427881095169
1214648194266750977
1214648134774726658
1214648064503406601
1214647895443615744
1214647867689832448
1214647783841509378
1214647763423711233
1214647658079494145
1214647635690295297
1214647615100510209
1214647609794674691
1214647453443612673
1214647438306414593
1214647416688955393
1214647155681636355
1214647151390797824
1214647091336757251
1214647049158836227
1214646998495838214
1214646975800520709
1214646937489727488
1214646883257344000
1214646848209723393
1214646838378270721
1214646834737680389
1214646833907142663
1214646751568834560
1214646713794908163
1214646621822214155
1214646570790072324
1214646512585756672
1214646485054349313
1214646445103562753
1214646318817255426
1214646076235493378
1214645912204709889
1214645817895772162
1214645799734382597
1214645684046925824
1214645466786390018
1214645436528709633
1214645326960828416
1214645077517250560
1214644979693498368
1214644965952958466
1214644501622525955
1214644473629675521
1214644035371110402
1214643748996407296
1214643519127728131
1214643504988794880
1214643317717241857
1214643112921960452
1214643051739729925
1214643010694262785
1214642782691684353
1214642695353851904
1214642576369819648
1214642546330210304
1214642508875149319
1214642340175982593
1214641893675556869
1214641857168379904
1214641739157442560
1214641650947018753
1214641633372901377
1214641613659615236
1214641571704037377
1214641454720655360
1214641134116524037
1214641077002625029
1214641059936047104
1214640942017339394
1214640926871691264
1214640899562622982
1214640757702873093
1214640716481277952
1214640609966874624
1214640546599358464
1214640515100086272
1214640513095208965
1214640450503692298
1214640437589360640
1214640433390854150
1214640330815000580
1214640280697221120
1214640268336607232
1214639992456265728
1214639913448161287
1214639741133561856
1214639695499530241
1214639591954755584
1214639518160211968
1214639279495925760
1214639266858459140
1214639096145952768
1214639022804553728
1214638916810268673
1214638866331820034
1214638556569915393
1214638480820703232
1214638413019779072
1214638320829059077
1214638298565529600
1214638224586526721
1214638119133298693
1214637631633608713
1214637623022694401
1214637551413321728
1214637364447973376
1214636913166094337
1214636895755546624
1214636702666493953
1214636640574099458
1214636540342788096
1214636509636243457
1214636452333654017
1214636115652698118
1214635870973808641
1214635852506259456
1214635744146477057
1214635700345331714
1214635548268285952
1214635526969532416
1214635430563500032
1214635392126849026
1214635377832665092
1214635281896345601
1214635115793584129
1214635090904539138
1214635087708479489
1214635079978356736
1214635061666091008
1214634597566287874
1214634586975735808
1214634511516028929
1214634449385787392
1214634147366481920
1214634128341110785
1214634104358146050
1214634008266588160
1214633822345662465
1214633350645911552
1214633341577842692
1214633341561065473
1214633133569695744
1214632762260496384
1214632550242701313
1214632487680454667
1214632432495943681
1214632395556761602
1214632295400914944
1214632133635006476
1214632109064818689
1214632068983996416
1214632029310128129
1214632002135179266
1214631948968235015
1214631700317265921
1214631679291211777
1214631638329675777
1214631557039833088
1214631544062648322
1214631541839736832
1214631367729975296
1214631319759675394
1214631018117967872
1214630997268017160
1214630920646483968
1214630879563276291
1214630706254618627
1214630635186331654
1214630440121831426
1214630345338953729
1214630284483796993
1214630177260625920
1214629938445344775
1214629741044621314
1214629517861572615
1214629280526798848
1214629240584523777
1214629173299421188
1214629050414710786
1214628976091639809
1214628907015647233
1214628762005975040
1214628730347433984
1214628700949536768
1214628635279319045
1214628610230947840
1214628133669941256
1214627995689857024
1214627889678868480
1214627849388331008
1214627794346479616
1214627788382244865
1214627683239370753
1214627642747629568
1214627498518028289
1214627388363091974
1214627353273552898
1214627250966028291
1214627057583493120
1214626868248416257
1214626671812321282
1214626638689947648
1214626505935880193
1214626505810038784
1214626446431473665
1214626392584921090
1214626297047134209
1214626197390401537
1214626157817212929
1214626133704134658
1214625799132844033
1214625479858278402
1214625421024747520
1214625245958672389
1214625184910651394
1214625033559166977
1214624817581834241
1214624805204512768
1214624687810105346
1214624563490938881
1214624501771714560
1214624117858721792
1214623820155424775
1214623754942369792
1214623676118663168
1214623649732411398
1214623602743615490
1214623533470498822
1214623525589393409
1214623471352893440
1214623111150260227
1214623042325942272
1214623026861527040
1214623024965672962
1214622930006630400
1214622732429619201
1214621962053521411
1214621649301098497
1214621278063202306
1214621262284251142
1214621025654255616
1214620935971639298
1214620885379944450
1214620834641403909
1214620820464656384
1214620783596716032
1214620681490579461
1214620678588162050
1214620607544999937
1214620346508333058
1214620055067074566
1214619968190504961
1214619934829039616
1214619912792104961
1214619831313547266
1214619791476035585
1214619769934172160
1214619668499091456
1214619586324291584
1214619486604726272
1214619476907511809
1214619441595588612
1214619364848218113
1214619179732652033
1214619134442582016
1214619043279331328
1214618924173660160
1214618683810680834
1214618438448099328
1214618395276185600
1214618276048842755
1214618241739476992
1214617928622071808
1214617788880474112
1214617771042099202
1214617751781879808
1214617632411914240
1214617617396387840
1214617513767710720
1214617513511858177
1214617470234976256
1214617266169491459
1214617147693060096
1214617091506089984
1214617054940160000
1214616915479535617
1214616715490942982
1214616520883613696
1214616458216574978
1214616325022199810
1214616300569419781
1214616216171696128
1214616187742625792
1214615797697523712
1214615445791223810
1214615426493222914
1214615211933622272
1214615119822540801
1214614954667413504
1214614942906814465
1214614938439819265
1214614843380109314
1214614806570897408
1214614782747262976
1214614777592500224
1214614578912485377
1214614563011940353
1214614472804970496
1214614463091019784
1214614360745754624
1214614183217696770
1214614128863666176
1214614073582800902
1214614000585072640
1214613989893820419
1214613851045539843
1214613847761395714
1214613245895598082
1214613207312150528
1214613015112368128
1214612949588951040
1214612863165353985
1214612767988047877
1214612729484496899
1214612703232380929
1214612559837499394
1214612267934928901
1214612229003317248
1214612124380606474
1214612001688817665
1214611818389397508
1214611796356673539
1214611639544270848
1214611588990275584
1214611576373813252
1214611215894372353
1214611196336394241
1214611093051629568
1214610929071120384
1214610861395980288
1214610836230197259
1214610784883490816
1214610775286984706
1214610711554510848
1214610689047826436
1214610527365869572
1214610428350869507
1214610340102787074
1214609879048081410
1214609849880907777
1214609827915284480
1214609676018601985
1214609671065079808
1214609401291497472
1214609261092839424
1214609249688535041
1214608774121639936
1214608707922870272
1214608526301114368
1214608514800345088
1214608468553936899
1214608098448551939
1214608059127009280
1214608002717802497
1214607725117812737
1214607631769382912
1214607607517896704
1214607436398632967
1214607409483788289
1214607331037732864
1214607250385461249
1214607037952331776
1214606802941337600
1214606720800100352
1214606538142363648
1214606522434674689
1214606476548984834
1214606420991258624
1214606383431204867
1214606254108299267
1214605879418458113
1214605767598321666
1214605542267768832
1214605503126478849
1214605451196862464
1214605391771971585
1214605348620980224
1214605256878899202
1214605227376173056
1214605081120845824
1214605014838194176
1214605000867041282
1214604945426722817
1214604934525652998
1214604862903771136
1214604860429086725
1214604623165763584
1214604507251970048
1214604470367268865
1214604459579518976
1214604425932742656
1214604021668990977
1214603870699163654
1214603838537261056
1214603794052452354
1214603698715975681
1214603611981963265
1214603546722754560
1214603298239647749
1214603124939378698
1214602855245602817
1214602765323911168
1214602637817122816
1214602629554352128
1214602529289506816
1214602375455006720
1214602106918834176
1214602106163933186
1214602071523155968
1214601970155245574
1214601947820560384
1214601904795377665
1214601851842248704
1214601809182052352
1214601791217831939
1214601761631158275
1214601750939885568
1214601703900811264
1214601676704944129
1214601601329041408
1214601459393843201
1214601456294203394
1214601440783679488
1214601413432676360
1214601364648681478
1214601347187781632
1214601316514832385
1214601216493309954
1214601167742877698
1214601061933232133
1214601032304603136
1214601031100911617
1214601006933270529
1214600933885317120
1214600780734484488
1214600776179470336
1214600729517801473
1214600655794589696
1214600653961670656
1214600375099105283
1214600254236119041
1214600239732154369
1214600223307239433
1214600198841876483
1214600154990419968
1214600110539202560
1214600100552609795
1214600084316467203
1214600082739384326
1214600082194141185
1214599990192025601
1214599968176189440
1214599914359013381
1214599864639725570
1214599815570563072
1214599787045105667
1214599737128759296
1214599628374642688
1214599551740461056
1214599492063940608
1214599443636477952
1214599409838837760
1214599322853134336
1214599253231837186
1214599224517677057
1214599200878596102
1214599163951890433
1214599041826332672
1214599013820878848
1214598923781885952
1214598823156289536
1214598822707519489
1214598771029479424
1214598637159960576
1214598529982881792
1214598502845702144
1214598470742487040
1214598380208480256
1214598297891098624
1214598291167621125
1214598288940232706
1214598191926185984
1214598139929337856
1214598134044798977
1214598116613246977
1214598116097372166
1214598030881636352
1214597972991848448
1214597865068277760
1214597843106893825
1214597791894388736
1214597710143262720
1214597575833276416
1214597566064672768
1214597181371568130
1214597170281828352
1214597139679985665
1214597096067739654
1214597043555094528
1214596979659071488
1214596938819129345
1214596921584705538
1214596906913030149
1214596879037730822
1214596775580966913
1214596674057854978
1214596431467753473
1214596326769467393
1214596207663861760
1214596106404925441
1214595987496415236
1214595892768133120
1214595871679139840
1214595674311987200
1214595615046471680
1214595504203542530
1214595477678759937
1214595418341945345
1214595389602619394
1214595285206360064
1214595254529204224
1214595068646117381
1214595001864331264
1214594968788127746
1214594944708628480
1214594775829098496
1214594633923256325
1214594584120045569
1214594546740453379
1214594519318061057
1214594511948484609
1214594458135810049
1214594388053184514
1214594372764864512
1214594077125152769
1214593988449226753
1214593826830143488
1214593820429574145
1214593744365858816
1214593573636710400
1214593567336910848
1214593541302890496
1214593457857138689
1214593319684231169
1214593264248066053
1214593262390038528
1214593204575707136
1214593110921138176
1214593110321369088
1214593082496294918
1214593068466393088
1214593035901849600
1214592914497650689
1214592814065037320
1214592810101477377
1214592638743195649
1214592569767796748
1214592412766613504
1214592263181021189
1214592146898063360
1214591880031350787
1214591875316932609
1214591774120906754
1214591740629250048
1214591689010155521
1214591663001219078
1214591606294241280
1214591600048902145
1214591581799505920
1214591386084884481
1214591215770972161
1214591097701306368
1214590798219661312
1214590678191222786
1214590613452144642
1214590595118829570
1214590557663707137
1214590522913894408
1214590296752828417
1214590099809284097
1214589857399488512
1214589845747703808
1214589611357429760
1214589319006031873
1214589260692705280
1214588895964336129
1214588597359259649
1214588569567813632
1214588558184460293
1214588356992090113
1214588310087176193
1214588299475668992
1214588115148513281
1214588046483640320
1214587819626074113
1214587753222021120
1214587747010306050
1214587740366483456
1214587730711191552
1214587657675776000
1214587590839541760
1214587508903858177
1214587438657687552
1214587228392972290
1214587127796776960
1214587015339094018
1214586962566434817
1214586501457219586
1214586415721394176
1214586267578642433
1214586015261896704
1214585834340532225
1214585737989050369
1214585706183581699
1214585530496823296
1214585522422726656
1214585501619032064
1214585308278403073
1214585226707554304
1214585221850566656
1214585098508677121
1214585097351028748
1214585039691898886
1214584982284324864
1214584874599944197
1214584652935114754
1214584501738917893
1214584466263486466
1214584399678889989
1214584358360608773
1214584350676787204
1214584082669211649
1214584061940908032
1214584040608665606
1214584013744201731
1214583838766227458
1214583828536164355
1214583820504240128
1214583737658355712
1214583441066536961
1214583437971140608
1214583279187218432
1214583113101324289
1214582996994600960
1214582988438228993
1214582982587097089
1214582960315420675
1214582786616680450
1214582367677034506
1214582365139456000
1214582353152167937
1214582162277765123
1214581991930290180
1214581926398496770
1214581657077981184
1214581353548779552
1214581249802743808
1214581239837085698
1214581177836695554
1214581065727262721
1214581038770507776
1214580947980574722
1214580917811007490
1214580910739394562
1214580868674654209
1214580816115896322
1214580798189395969
1214580589103386626
1214580583793332226
1214580557499248650
1214580548796133376
1214580446178230272
1214580383578312705
1214580357393211392
1214580325088669697
1214580289462263809
1214580042690367488
1214579979327066112
1214579637394853888
1214579557816262656
1214579544860090371
1214579457845059584
1214579422940016640
1214579333483905024
1214579286562217985
1214579179745873920
1214579174150684672
1214579090235240448
1214579070157111296
1214579032731332608
1214579013294972928
1214579001840295939
1214578814950551564
1214578756293156864
1214578498167300097
1214578208496062464
1214578078128713730
1214578037041356801
1214578010164256774
1214577971744432129
1214577944942858241
1214577879784329216
1214577721247961095
1214577669733531649
1214577622728028160
1214577575504334850
1214577520819015681
1214577388660625409
1214577195366137857
1214577105649983489
1214577047395172352
1214577042412494849
1214577005485862915
1214576981393788928
1214576956303278080
1214576845393473536
1214576838921592833
1214576798408818689
1214576626463318016
1214576613607792645
1214576442618580995
1214576409487847424
1214576396548358144
1214576324582477824
1214576321394692100
1214576310296690688
1214576309915017216
1214575988824313856
1214575982989975553
1214575955945099266
1214575908914388993
1214575896390180865
1214575788437184515
1214575773677424640
1214575536242081792
1214575487193927681
1214575272290398208
1214575234248069122
1214574965384716294
1214574829619306496
1214574630956158976
1214574595560411136
1214574314416168960
1214574284129083397
1214574128604307457
1214574007300874240
1214573995418431489
1214573945762045952
1214573871036272640
1214573816984358912
1214573697119539200
1214573681323720704
1214573657487478785
1214573656212484096
1214573599299964930
1214573543540830209
1214573311096737793
1214573295665856518
1214573267501113345
1214572896351207426
1214572869730131973
1214572780857053185
1214572706169053184
1214572545829212160
1214572472542085120
1214572415751249920
1214572413993676800
1214572280090648576
1214572259907702784
1214571987865161731
1214571795929554947
1214571734881320961
1214571682565906434
1214571458611027972
1214571381259735040
1214571276754472961
1214571246056284160
1214571066523295751
1214571020138549249
1214571002526621699
1214570980443672576
1214570786075357185
1214570661278031876
1214570536912801792
1214570470193991680
1214570434840186881
1214570428384964609
1214570016852627457
1214570008229154816
1214570005653835776
1214569947902464000
1214569874095247362
1214569817019207680
1214569777886306305
1214569724216008706
1214569617202565120
1214569028641009665
1214568910080659456
1214568889323012098
1214568834704793600
1214568536020000768
1214568421792157696
1214568417950359552
1214568344885616640
1214568181743796224
1214568144515325952
1214568097325158400
1214567727702016011
1214567675189481472
1214567667870228481
1214567510869065733
1214567368271089664
1214567223143976961
1214567208728154112
1214567045892718594
1214566925272961025
1214566893161308160
1214566892481871872
1214566887394140160
1214566755944681476
1214566712441356290
1214566668346646528
1214566532623192069
1214566527346720768
1214566401618276352
1214566378230841349
1214566264485502978
1214565922762944520
1214565882921287683
1214565540896768002
1214565523800739841
1214565371568513025
1214565217637564417
1214565197790138373
1214565100511625217
1214565061110272001
1214565043125121026
1214565042495971328
1214565042298863621
1214565037236350980
1214564952804974597
1214564932810760192
1214564908160843780
1214564277123604482
1214564141634973697
1214563985795645443
1214563846590828544
1214563739438993413
1214563705825873921
1214563662653837315
1214563596400648193
1214563595175919616
1214563571582943232
1214563523088371712
1214563454570254341
1214563365491601413
1214563083231694849
1214563081818271748
1214562912431329282
1214562880542003202
1214562848610742276
1214562701361369090
1214562699339714560
1214562628791459845
1214562599028658185
1214562585070071811
1214562481978277891
1214562326491193346
1214562323144175616
1214562256286994435
1214562159973130240
1214562144332566531
1214562045204426755
1214562022261583873
1214561838169391104
1214561782238347276
1214561664902688769
1214561602004905985
1214561597680603136
1214561409343688704
1214561149028458497
1214561106477211648
1214561076546658306
1214561043176779778
1214560959374561280
1214560920652791808
1214560619539529731
1214560581295886336
1214560529311617026
1214560485091106819
1214560385887391746
1214560351892594689
1214560339074809859
1214560334767214592
1214560325376196611
1214560292262146048
1214560195306647553
1214560155922239488
1214560066252095494
1214559926292336640
1214559875537068034
1214559825088040960
1214559805680963585
1214559524788391936
1214559405737304066
1214559397130588160
1214559197313941508
1214559050936881159
1214559018716295169
1214559016153579521
1214558934125568000
1214558836159238146
1214558800235003910
1214558785907249159
1214558679036350465
1214558379038793728
1214558045113597953
1214557988893024256
1214557930210484225
1214557807166423040
1214557803727114245
1214557747552776199
1214557714283515904
1214557693928587264
1214557598025805827
1214557303162077185
1214556729456963584
1214556552444559360
1214556256217837568
1214556205227503617
1214555949379158018
1214555788506619905
1214555653898850307
1214555514593370118
1214555492422303750
1214555395492069377
1214555391226449920
1214555201966751744
1214555087529332742
1214554818859143168
1214554797912641537
1214554692119719937
1214554638483152896
1214554433406881792
1214554034339753984
1214553986105135104
1214553825845006339
1214553384612577280
1214553346154983424
1214553212503691265
1214553188394659841
1214553108585553921
1214553088155099141
1214553072829108224
1214553035214475264
1214552982462849025
1214552965543055365
1214552679214653440
1214552420442767361
1214552377061081090
1214552223491010560
1214552175269076992
1214552165777379329
1214552138690551808
1214552123108732928
1214552013440241664
1214551940077539330
1214551717574000644
1214551659403239424
1214551588917825537
1214551518533373953
1214551507946889216
1214551320784523264
1214551227108864002
1214550999853142017
1214550976562110465
1214550858572140544
1214550846903586817
1214550837470617600
1214550807447789573
1214550697993105409
1214550601150976007
1214550567500107776
1214550545362501633
1214550324540854281
1214550256114905090
1214549957249785863
1214549864635420672
1214549706870792192
1214549695734919168
1214549576440528896
1214549379471818753
1214549357992783873
1214549351323836419
1214549298148519936
1214549245795225606
1214549220033794048
1214549141508050945
1214549132054089728
1214549080782884865
1214549032686751744
1214548878994882562
1214548728893333504
1214548708223791105
1214548680826638336
1214548607464091648
1214548596265226240
1214548542188085248
1214548470415187968
1214548452308398087
1214548414895153153
1214548362923585537
1214548351087259649
1214548192232124417
1214548019221344256
1214547913856172035
1214547829357719553
1214547778774487040
1214547316314714114
1214547300917354496
1214547283901112321
1214547151977476097
1214547128506355713
1214547123045318656
1214547103994777601
1214546950961483776
1214546868652400640
1214546837295837187
1214546771671748608
1214546745738313728
1214546680185577478
1214546217348321280
1214545841605795840
1214545804695875590
1214545681152647170
1214545679210762241
1214545591054864386
1214545359604781056
1214545345977430017
1214545331897151488
1214545300649582594
1214545241644158981
1214545085896912896
1214545049888985089
1214544991424524290
1214544859316535296
1214544769004843008
1214544719344209923
1214544241453608961
1214544187418402817
1214544135161548801
1214543935764336640
1214543658428633090
1214543628502216704
1214543523963441152
1214543514610159616
1214543458339307520
1214543443504046081
1214543333990813696
1214543263694303233
1214543158652133376
1214543105325719552
1214543105279610880
1214543085927063552
1214543082537897991
1214543021947179011
1214542991056101376
1214542843689209856
1214542776811044864
1214542728354304001
1214542703821766657
1214542699510091776
1214542693034008576
1214542574603649025
1214542503048830976
1214542452465504257
1214542440146898944
1214542200068960256
1214542180016099328
1214541759277142017
1214541691622957057
1214541514434584577
1214541469513650182
1214541446264631297
1214541289800314880
1214541251267170305
1214541241670656000
1214541219931533314
1214541187731927040
1214541101153112065
1214541078206042112
1214541031233982464
1214540990406701056
1214540862207791104
1214540751327105030
1214540706414497792
1214540705437298689
1214540567134298112
1214540435571560448
1214540187277152257
1214540121997037568
1214540092590710784
1214539954996629505
1214539798620311552
1214539701769641989
1214539588397608963
1214539479484108802
1214539399108681733
1214539282062495745
1214539213766574080
1214539192472162305
1214539188315590657
1214539148452925440
1214539035252789249
1214539013375320065
1214538997931892736
1214538888305430528
1214538861206032384
1214538676300132352
1214538661976592385
1214538650962317312
1214538593659740162
1214538474017218565
1214538471655825415
1214538312419020804
1214538122127650818
1214538047922020352
1214538040925970433
1214538033955057664
1214537987192762369
1214537711475974147
1214537707357122565
1214537669805563906
1214537599114760193
1214537577144950790
1214537539966517248
1214537485755305985
1214537313977540615
1214537163095851008
1214537040685088768
1214536935978471424
1214536926738501634
1214536920950292480
1214536835973754881
1214536825416622083
1214536818533830657
1214536764234313729
1214536753522118656
1214536737084596224
1214536683741466625
1214536606314639361
1214536575171940354
1214536461493719045
1214536432544571397
1214536378161254402
1214536307403300865
1214536287090302976
1214536258615218177
1214535974178439169
1214535957938094080
1214535908562595840
1214535824982921217
1214535642144751618
1214535506249363459
1214535455758266369
1214535439018799104
1214535392457842690
1214535349160026112
1214535176937779200
1214535058394095619
1214534892371030016
1214534502523002880
1214534444280889344
1214534258053799938
1214534255717605376
1214533894395047936
1214533781769601024
1214533609274650625
1214533536168005632
1214533328742879233
1214533298262814720
1214533214083145729
1214533165311811584
1214533149578936321
1214533124224376833
1214533081031487488
1214532885929250818
1214532785655943175
1214532639287382017
1214532522081689600
1214532445749551104
1214532371141271553
1214532337293316096
1214532324072841216
1214532300190429189
1214532242552180736
1214532216254083074
1214532175623860224
1214532154174115845
1214532149782683651
1214532070212550660
1214532060284641280
1214532052533628930
1214532018572316672
1214531975907872773
1214531955146055680
1214531875659767813
1214531844408037376
1214531607186546690
1214531571337891840
1214531565931368448
1214531559715491840
1214531558415196160
1214531522084118529
1214531452341301248
1214531441482194944
1214531397735583745
1214531272963502084
1214531210325712898
1214531184056651776
1214531123558174720
1214531042616459266
1214530731789168640
1214530707797823488
1214530705650266112
1214530680396419072
1214530630857510912
1214530473348812801
1214530448656875520
1214530441035833344
1214530425860870144
1214530421146476544
1214530329316405249
1214530328158769153
1214530292364595200
1214530216032423936
1214530008053616642
1214529942509248512
1214529858765803521
1214529753744576512
1214529687415865344
1214529614028165120
1214529599155163136
1214529545442856966
1214529498181447680
1214529459300245504
1214529429667549185
1214529404971433984
1214529240990912512
1214529000464437249
1214528922777477120
1214528773581918208
1214528713389412354
1214528705386754049
1214528681105874944
1214528678790602753
1214528561287180288
1214528481217916928
1214528358786072577
1214528292944044033
1214528289676709888
1214528235712778241
1214528135472934912
1214528099674546177
1214528034700705792
1214527967944155137
1214527958829936643
1214527950214881281
1214527869822484480
1214527842630942722
1214527771571040256
1214527716520804352
1214527525298278400
1214527524107145217
1214527498727370752
1214527411943030784
1214527388312363009
1214527169575059456
1214527133583675392
1214527132438794242
1214526964343738368
1214526953195212800
1214526944122945536
1214526928973180930
1214526920592900097
1214526894286278656
1214526731308150784
1214526662496444416
1214526049700241408
1214525965323395072
1214525941793185793
1214525927100747778
1214525859639500800
1214525856602873858
1214525792702611457
1214525730673111043
1214525589899685888
1214525411767570434
1214525191700791296
1214524960288493569
1214524932941647872
1214524850347368448
1214524836929851392
1214524826318262272
1214524710626742272
1214524692045930498
1214524611532115968
1214524603722276864
1214524520985505799
1214524469709922304
1214524283088723971
1214524158568259584
1214524102138044416
1214524019623546881
1214523937394241538
1214523881421189120
1214523871690477569
1214523863830335488
1214523812118777857
1214523800630517761
1214523794993405952
1214523725003067397
1214523718417944577
1214523690748174336
1214523685085863936
1214523666832211968
1214523604509085696
1214523544136232960
1214523512506982400
1214523229131423746
1214523171182919680
1214522793875906561
1214522790528856065
1214522653450612736
1214522621951434754
1214522554121146368
1214522490258628608
1214522118001397760
1214522007183863808
1214522000758185985
1214521938011402240
1214521920407949312
1214521907686625281
1214521813608386560
1214521811930669057
1214521653004308481
1214521606904483840
1214521499924779014
1214521491439702016
1214521412867756038
1214521363198820352
1214521358740344832
1214521311164338181
1214521234861514753
1214521222547066881
1214520901162688514
1214520708853911552
1214520571133878272
1214520537302683653
1214520449259986946
1214520300857155585
1214520224554323968
1214520219080761344
1214520170632359937
1214520097445994496
1214519975806935040
1214519796445974528
1214519783753965568
1214519776552329219
1214519719690211328
1214519647858544645
1214519545827938305
1214519534402637825
1214519411278827520
1214519348884324352
1214519300528189440
1214519287043559425
1214519045506183168
1214519027596480512
1214518981786247168
1214518929252667392
1214518907257720834
1214518813745696768
1214518406281646080
1214518277155835904
1214518207433912322
1214518184943992833
1214518158222151682
1214518149078499329
1214517936641196033
1214517794995363840
1214517784551546880
1214517742679863296
1214517731137138688
1214517519375093760
1214517497346613250
1214517480892354560
1214517376131194881
1214517259017822209
1214517207763427329
1214517122245763072
1214517026200473601
1214516998656471040
1214516958760259585
1214516951030075392
1214516742661255168
1214516668766072832
1214516432567967745
1214516416633802752
1214516345620054017
1214516337449541632
1214516325692977152
1214516191571726337
1214516165487276032
1214516008628752384
1214515946208911361
1214515896397508613
1214515763345793025
1214515611050614784
1214515586711130112
1214515568012865536
1214515477604700160
1214515451042115584
1214515417668034560
1214515382154907649
1214515331210907648
1214515321220083713
1214515300584099841
1214515259085602816
1214515254497071104
1214515128928030721
1214515042617565185
1214514911239426048
1214514908114632704
1214514780263927809
1214514710281883648
1214514697275420672
1214514675423088640
1214514549874925569
1214514536318935042
1214514517817774080
1214514488612921344
1214514486939443200
1214514444379791360
1214514386322284544
1214514234786234368
1214514112186789888
1214514103965888512
1214514020037861376
1214513992972034050
1214513974957486080
1214513948298563585
1214513785098178560
1214513770384560128
1214513655783575552
1214513643414597632
1214513629514682368
1214513619196616705
1214513537223200768
1214513428196450304
1214513378540113921
1214513343618310144
1214513329198321665
1214513313914261505
1214513269421019137
1214513269047799808
1214513259170160641
1214513256745914371
1214513233819815936
1214513194598903810
1214513193822932994
1214513122846883840
1214513109320290304
1214513029376806913
1214513025434161152
1214513015908909056
1214513007499210754
1214512983268843525
1214512948527476737
1214512938687614976
1214512926805123072
1214512825760133120
1214512776053436417
1214512769241944064
1214512739181355009
1214512723003891712
1214512700799234049
1214512699796860929
1214512648047538176
1214512611775176704
1214512610193952769
1214512604133167104
1214512479461617667
1214512430451179520
1214512410746400768
1214512067631353858
1214512062505902080
1214512036492783616
1214512029928763393
1214512016372703233
1214511948529897472
1214511851129786370
1214511725564874755
1214511714986856448
1214511442826813442
1214511411356934144
1214511184826847232
1214511159736442880
1214510986213908481
1214510894576799744
1214510646588592128
1214510552053104640
1214510390475927555
1214510169377431552
1214510153216724992
1214509952984911873
1214509907363483648
1214509793206927360
1214509789499330561
1214509760025911297
1214509654723760128
1214509603628748800
1214509412280393729
1214509318231470080
1214509250489278464
1214509249486819328
1214509082301927424
1214509003377709056
1214508993252646913
1214508929964761089
1214508682039431168
1214508598321197056
1214508474861805568
1214508438094528514
1214508371455418368
1214508248226660362
1214508176273526784
1214507968659623936
1214507789793595393
1214507778737397761
1214507769778323456
1214507739298308101
1214507472033071104
1214507378990862336
1214507336380887041
1214507209549340673
1214507190100336642
1214507067052085249
1214506905013563392
1214506822977118209
1214506741037195265
1214506629653286912
1214506620484493312
1214506526104342533
1214506518806253570
1214506515601776640
1214506449549877249
1214506419946479616
1214506287356137473
1214506093361160192
1214505648941088768
1214505504808034305
1214505384532226048
1214505363669684229
1214505206169440266
1214505197638213633
1214505114297421825
1214504945740926976
1214504928284160001
1214504925234946049
1214504904389275651
1214504864442486787
1214504834273075200
1214504718682218496
1214504440448856065
1214504285117059072
1214504137079083008
1214504109937741824
1214503600761769984
1214503480980885505
1214503435673968640
1214503307802230785
1214503303209529345
1214503172401700865
1214502846315552769
1214502800161484800
1214502593986203649
1214502480387739648
1214502194424229890
1214502022273228800
1214501813241700354
1214501742882238464
1214501698602967041
1214501649315778560
1214501539252965379
1214501465299046401
1214501300521623553
1214501097110421504
1214500928591728640
1214500905447575554
1214500869678551040
1214500838925840384
1214500805962862592
1214500750526746624
1214500731388092416
1214500710013898753
1214500436432113664
1214500331050143744
1214500089969950720
1214500074501353473
1214500059980718080
1214499789263507456
1214499702470828034
1214499578659135489
1214499549063942144
1214499506672279552
1214499268544933889
1214499087153844224
1214498974524149760
1214498626300469249
1214498610571862017
1214498606306205697
1214498509069725697
1214498110384332802
1214497827658878977
1214497809011027968
1214497346056269824
1214497291631054848
1214497155429351424
1214497114803310594
1214497064165531648
1214496981978112000
1214496529559511045
1214496335203844096
1214496298860261376
1214496214655361024
1214496210234556416
1214496190731051010
1214496170380316672
1214495994278273025
1214495881891844097
1214495826619387904
1214495735972020224
1214495714828574720
1214495613099945984
1214495487937507331
1214495449404649472
1214495422519091202
1214495198350319620
1214495178431631362
1214494957626638338
1214494628428361730
1214494508076933122
1214494386505031680
1214494359623786496
1214494268192165894
1214494262034915328
1214494193709654016
1214494189423083520
1214493888695742464
1214493629479374848
1214493555869114371
1214493366202843137
1214493187353518081
1214493136128491520
1214493094441373698
1214492980498849792
1214492887850921986
1214492717155332096
1214492596950781953
1214492518202650624
1214492448916934656
1214492373075550208
1214492206817562628
1214492178329882624
1214492061031968774
1214491896342622209
1214491838347927552
1214491735528747009
1214491530939027457
1214491379205849088
1214491211588939776
1214491202327924737
1214491075181760513
1214491065476157440
1214491035818217472
1214490941114998790
1214490940263583745
1214490902636507137
1214490726404374528
1214490672960614406
1214490668745314304
1214490558812606464
1214490519096692736
1214490314150436864
1214490213390659592
1214490209074716672
1214490139633881089
1214489894522888192
1214489826319355904
1214489825853751297
1214489804987076608
1214489537851863040
1214489262143488002
1214489224109592576
1214489155809533952
1214489012708282368
1214488865723035648
1214488841454702592
1214488616623333381
1214488259780366336
1214488167748980737
1214488066628472832
1214487906905182208
1214487832099803136
1214487823371378688
1214487783022178305
1214487765385142272
1214487498279264256
1214487494365986816
1214487434186149888
1214487406537256960
1214487381677690885
1214487186780958720
1214487104257974273
1214486939526684672
1214486936229961728
1214486870836547585
1214486802242949121
1214486768877211648
1214486625729892352
1214486568003657728
1214486535795609600
1214486529340583936
1214486271957098496
1214486241518981123
1214486238926954496
1214486228118200320
1214486083511181313
1214485563727908864
1214485498909081600
1214485381380481024
1214485261490544641
1214485202141097984
1214485104384499712
1214484885731237889
1214484767980302336
1214484751203098624
1214484664884322304
1214484658710294528
1214484597318340611
1214484573012287493
1214484496621481984
1214484440786907136
1214484431349657601
1214484357768982528
1214484343688716289
1214484280178626560
1214484220908838912
1214484204240736257
1214484123802320897
1214483962367754242
1214483919732649984
1214483878762680320
1214483849096380416
1214483760063881216
1214483507596185600
1214483505197002752
1214483421986271232
1214483378667429888
1214483302641537028
1214483296668835840
1214483267044495361
1214483226510733313
1214483165307457537
1214483104779210752
1214482998474813442
1214482962189828096
1214482901007556608
1214482867046236161
1214482645016596480
1214482571234566144
1214482549600374785
1214482487738589184
1214482457522790400
1214482353504030722
1214482255873216512
1214482176483434496
1214482146724892672
1214481901970501632
1214481803983118336
1214481772270047232
1214481604564934656
1214481503792586752
1214481428232232960
1214481285902671874
1214481233947844608
1214481117966929920
1214481088946593793
1214480822213980166
1214480806346928128
1214480411247681538
1214480407363833856
1214480257048338432
1214480077662117888
1214480062155808768
1214480013048696832
1214479995567034369
1214479976403259394
1214479928034562048
1214479866172772352
1214479810950512640
1214479683758231553
1214479674262409217
1214479661016780800
1214479616326459393
1214479531530182656
1214479530032807936
1214479483673153536
1214478859086811136
1214478770465378304
1214478730665574400
1214478544895647744
1214478431565561858
1214478314875891718
1214478278104420353
1214478168922509312
1214478144482222080
1214477982267576320
1214477961430282240
1214477905121689601
1214477876499599360
1214477559309750272
1214477419190652928
1214477396247764992
1214477343194042369
1214477225095049216
1214477174599753728
1214477150679633920
1214477087593160704
1214476943036424192
1214476852057853954
1214476645719007232
1214476558674661376
1214476524973383682
1214476021669478400
1214475916249878528
1214475885082005504
1214475876781289472
1214475770443313153
1214475705142202368
1214475702965358592
1214475690533367808
1214475690445332483
1214475658719629312
1214475631364313094
1214475529388253185
1214475525235691521
1214475517124104193
1214475483393544192
1214475368125665280
1214475331412910080
1214475327138914306
1214475011303624705
1214474812103499777
1214474692079300608
1214474585028091904
1214474584440922112
1214474575615909888
1214474311513366528
1214474263501127680
1214474235793625088
1214474097029255170
1214473873745420288
1214473775867203585
1214473718510051329
1214473589107412992
1214473445884518400
1214473401215045632
1214473272831750145
1214473225083772931
1214473127184478208
1214472669241982977
1214472198976655360
1214472149500608512
1214472111991017472
1214472103782748160
1214471915680743424
1214471909938794496
1214471846449623040
1214471835900956673
1214471736483168257
1214471714387705857
1214471707295178753
1214471692510253057
1214471673510006784
1214471602877992960
1214471588101468162
1214471475450851328
1214471373118201856
1214471320563585024
1214471148983013377
1214470809110102016
1214470716646731776
1214470571100196864
1214470512291844096
1214470351155089408
1214470062419140608
1214470050008174598
1214470000762925057
1214469969011978240
1214469966256386048
1214469964062740480
1214469842746724352
1214469691445534721
1214469578564263937
1214469027478814721
1214468914161299456
1214468847132127233
1214468841549508608
1214468786994270208
1214468782657277952
1214468734628315136
1214468487315435520
1214468409536237568
1214468397695668225
1214468312010280962
1214468192426430465
1214468082325958656
1214467944417288192
1214467924397903872
1214467609627971584
1214467576627159041
1214467495391907840
1214467398096605184
1214467301317259264
1214467214755028992
1214466957040390145
1214466917089591296
1214466789167583232
1214466675426439168
1214466665406185473
1214466662356922368
1214466348312604672
1214466279903563777
1214466274488651778
1214466108012584962
1214466034834563072
1214465951229501440
1214465897659797504
1214465851245629440
1214465670869590016
1214465666528493569
1214465591664205824
1214465588078223360
1214465537046188032
1214465419425337346
1214465362038837248
1214465320167055366
1214465144010551296
1214465141351288833
1214464915941076992
1214464740036108288
1214464555079946240
1214464533424676874
1214464528777404416
1214464337789800449
1214464221880041472
1214464203735609347
1214464193795108865
1214463980762206209
1214463851078569985
1214463669112840193
1214463668018204672
1214463625253072901
1214463615526428673
1214463514850549761
1214463323456114689
1214463319949664258
1214463254090653696
1214463186688196609
1214462948128759808
1214462823532773376
1214462649267818496
1214462573560705024
1214462567034150913
1214462554040393729
1214462549242064896
1214462518086766593
1214462513171095553
1214462449392476162
1214462238616117250
1214462221926965248
1214462165584928778
1214461677271502848
1214461490788544512
1214461428871991301
1214461153788792832
1214461097325056000
1214461087912996865
1214461001522917377
1214460814226268161
1214460766520102913
1214460729878695936
1214460671162748928
1214460542041112576
1214460141996670977
1214459974157524993
1214459893509447680
1214459884915380224
1214459801633271808
1214459520807665664
1214458836230258689
1214458836137975808
1214458814310879233
1214458706211024896
1214458688708198400
1214458254765568000
1214458201560821760
1214458113081917440
1214457766343069696
1214457676375220224
1214457652404768768
1214457618980384768
1214457340474343424
1214457158068256770
1214456851078758400
1214456148331511808
1214455940726046720
1214455858412822528
1214455757741146112
1214455504019316737
1214455474420166662
1214455393495212032
1214454848575492096
1214454815243358209
1214454762969677824
1214454717381783553
1214454502612488192
1214454374128373760
1214454238060929024
1214454132964233218
1214454110684098561
1214454058909675520
1214454021370646529
1214453964894289920
1214453895453274112
1214453851773902848
1214453793150124032
1214453748849885184
1214453741514100737
1214453600136634368
1214453354337841152
1214453325028040704
1214453171428495360
1214453150364647428
1214453104592261120
1214453019158421505
1214452676362145792
1214452627792109569
1214452517314142213
1214452373579599873
1214452332462845952
1214452011896315904
1214451891289104384
1214451766793822211
1214451758925254656
1214451748636676096
1214451583989227521
1214451552540413952
1214451465974099969
1214451280673955841
1214451126604619776
1214451043582521344
1214450899621470210
1214450870554898432
1214450869028229120
1214450784156495872
1214450750379745280
1214450621904019456
1214450423924449280
1214450385135579137
1214450342957477888
1214450304957198336
1214450108374429701
1214449605481549824
1214449316347236352
1214449065280319488
1214448909470314498
1214448590493569025
1214448361354530816
1214448289455718411
1214448238025199617
1214448206446247937
1214448140419502080
1214447939063562242
1214447920847687680
1214447832771563526
1214447645365805056
1214447486686973953
1214447430550401024
1214447363357597696
1214447195174428672
1214447179286401024
1214447165273255941
1214447061854310400
1214446934175494144
1214446794547052544
1214446701337026560
1214446691660763136
1214446594583601153
1214446495426109440
1214446482381836289
1214446278739783681
1214446188247834625
1214446185563533312
1214445844604301313
1214445803328155648
1214445747510415360
1214445728078204929
1214445623535124480
1214445446631964673
1214445354244038656
1214445351488372741
1214445183477137408
1214445079391285248
1214444982418972674
1214444834011975680
1214444595599302657
1214444573185003525
1214444553333354496
1214444323191828480
1214444167704829952
1214444117805162497
1214443991548256258
1214443936695177217
1214443770038632449
1214443459156889600
1214443381755006978
1214443366936711168
1214443294664597504
1214443074832785410
1214442560032329728
1214442240421969921
1214442195345907712
1214442153478373376
1214442022188118016
1214441832618373121
1214441821729779713
1214441681891647489
1214441537888641024
1214441532801073152
1214441472466006016
1214441450949283841
1214441288180928512
1214441179284148224
1214441075642949632
1214440985847042054
1214440935272128516
1214440933044961280
1214440778661011457
1214440687451725824
1214440416302358528
1214440366226706434
1214439833453711361
1214439782895386626
1214439547070828544
1214439533254758400
1214439413721247744
1214439062049894401
1214439053233401856
1214438939982995456
1214438935763529728
1214438792804929536
1214438762329100288
1214438703180980225
1214438670104776709
1214438658549395458
1214438621719224320
1214438329300717568
1214438328654802944
1214438239928500224
1214437674586714112
1214437457766289408
1214437358826926086
1214437327000539137
1214436984795652096
1214436827022733312
1214436731568709632
1214436649331019776
1214436252096880640
1214436050938028033
1214436027613532160
1214435909589970944
1214435854686572544
1214435853315035136
1214435552084279296
1214435507188502528
1214435133828325378
1214435078702587909
1214435005310677000
1214434639026294784
1214434302508904448
1214434272318312453
1214434118596988930
1214433885385363456
1214433881774010368
1214433609215565825
1214433460112285701
1214433412536315905
1214433398774784000
1214433319607324672
1214433143689744384
1214433131606007808
1214433091810398209
1214433016195538944
1214432864428789760
1214432743376994305
1214432685998977029
1214432671797010432
1214432641509994496
1214432619951247360
1214432546999717888
1214432353470300161
1214432104756514818
1214432102306988032
1214431993229905920
1214431913588535296
1214431849067483136
1214431847255597056
1214431781065281536
1214431551590670336
1214431425220489219
1214431021783027712
1214430339956953088
1214430222000500736
1214430195006005248
1214429960565379072
1214429840163659776
1214429376676323328
1214429288197447681
1214429019518767104
1214428645281947648
1214428498745536522
1214428453732265984
1214428436841869312
1214428427769569281
1214428376771047424
1214428350145552384
1214427790839308288
1214427482176311296
1214427399645016064
1214427384444833792
1214426781333237760
1214426717542113280
1214426583022395392
1214426047258726400
1214426022231318528
1214426009472262144
1214425961820758017
1214425949602811904
1214425846917877760
1214425282200903680
1214425269110542338
1214425140295020544
1214425112751071234
1214424872383852544
1214424466815619072
1214424336196669440
1214424288612225024
1214424187357597696
1214423834205577216
1214423702982529025
1214423671688880128
1214423333418274817
1214423307006726144
1214423086126252032
1214423037354926080
1214423016576299009
1214422788682862593
1214422782127362048
1214422645149708290
1214421998362910721
1214421857161662465
1214421741067546626
1214421442269470720
1214421427790725120
1214421417766330368
1214421335285358592
1214421195447308288
1214421131156951041
1214421000261124097
1214420772996964352
1214420586895724545
1214420576598679552
1214420319156539393
1214420062108573696
1214420061965950976
1214419854670925824
1214419450142711809
1214419258001809408
1214419242235441152
1214418714164117505
1214418671982010368
1214418619133812737
1214418601123426304
1214418597243699201
1214418414195879936
1214418339432407040
1214417935835512834
1214417571136638976
1214416856947277824
1214416842799878146
1214416425399541760
1214416206737870848
1214416008070467589
1214415923622268930
1214415871592030210
1214415838243151872
1214415722056765441
1214415706453884930
1214415625042432000
1214415514799419392
1214415276856532992
1214415212687826944
1214415186796396544
1214415129535750145
1214415117430837248
1214414772118183937
1214414764568449025
1214414533726482432
1214414514457923585
1214414456559751168
1214414366122106886
1214413712616050688
1214413431434022912
1214413196787933185
1214412650735648769
1214412637532041216
1214411952920911872
1214411901939146753
1214411753595031553
1214411284835454978
1214411249498415104
1214411027980443650
1214410966772932608
1214410942987067392
1214410916399386624
1214410705262317569
1214410554598678529
1214410533828476933
1214410527872618496
1214410508285173760
1214410447635525632
1214410421135953926
1214410360050073600
1214410358061961217
1214410317410779137
1214410239040217088
1214410217775128576
1214410180823265283
1214410123390652416
1214409694221078528
1214409350200082432
1214409300807995394
1214409259938533376
1214409106515206145
1214408934875729920
1214408777711177728
1214408485418536965
1214408209043202049
1214407958832013312
1214407343066222593
1214407312078540800
1214407178389467136
1214407103412084739
1214405696185393153
1214405257754746885
1214405210732400640
1214404993874374657
1214404898307149824
1214404850697613313
1214404394420191232
1214404274878320641
1214404138278248448
1214404114966286336
1214404071261659137
1214404071219769350
1214403819792150528
1214403769502502919
1214403767795367936
1214403536156364800
1214403487464853505
1214403480980471808
1214403475968286726
1214403324100915200
1214403262746640391
1214402827054993409
1214402622272278528
1214402563551957003
1214401866789990400
1214401848834179073
1214401406485946369
1214400692431052800
1214400201835909125
1214400086660263936
1214399947551981575
1214399891142840320
1214399792803135489
1214399292775026689
1214399262123069441
1214399231336878082
1214399029569871873
1214398919754604544
1214398842206146561
1214398803857551362
1214398663558156288
1214398624840519680
1214398620486774785
1214398482091565056
1214398436214214656
1214398253153882113
1214398189706588162
1214398173671821313
1214397771660365824
1214397620292075520
1214397455237894144
1214397192120799233
1214396046824165377
1214396040289193984
1214395989580222471
1214395952926253056
1214395366021509120
1214395365463658497
1214395354348572672
1214395221116620803
1214395079886098437
1214394966430093313
1214394166345687041
1214393745866657798
1214393701407055873
1214393576286801920
1214393175265173504
1214392686318424064
1214392674205229056
1214392435335319553
1214392368843104258
1214392362509705217
1214392096959926274
1214391881867628544
1214391584692875264
1214391582436274176
1214391570029596673
1214391514668961792
1214391504657141766
1214391156731207680
1214391006327648257
1214390885326245888
1214390741566414848
1214390263885508608
1214389781465063424
1214389399150120961
1214388950745468928
1214388906759729154
1214388544774512640
1214388409172680704
1214388356869754880
1214388168608428032
1214388154339332097
1214388009430376448
1214387933840650240
1214387904413343744
1214387617875288066
1214387108250554369
1214386825395130369
1214386650756919296
1214386022106247168
1214385957899841537
1214385862827487234
1214385757332410369
1214385688977821702
1214385444244402177
1214384799072374785
1214384742256168960
1214384727735578624
1214384670353362944
1214384566909243392
1214384515784888321
1214383534548377600
1214383066321432576
1214382871684812801
1214382830127632384
1214382798875832320
1214382099370774528
1214381975764656129
1214381927416946688
1214381905283616769
1214381876837834752
1214381782184931328
1214381752443162625
1214381471219224578
1214381252805087232
1214381139831468032
1214380999326482433
1214380727346839552
1214380524757831686
1214380449260277760
1214380439441477632
1214380430570479618
1214380168673943552
1214380032237481984
1214379299056357377
1214379209331744768
1214379082118549505
1214378816887545856
1214378724856147968
1214378501811384320
1214378224706174978
1214378085249880065
1214378009593044994
1214377889744986113
1214377726280425473
1214376784952729600
1214376412842528768
1214375731976912902
1214375392074752000
1214374995402657792
1214374951391825921
1214374646553993221
1214374261797871616
1214374032344268800
1214373290237726726
1214372824334381056
1214372369189486592
1214371872650870784
1214371638063566850
1214371529066192897
1214371516122640384
1214371118510936070
1214370485087219712
1214370259832098816
1214370205750550528
1214369857548038145
1214369778636382211
1214369519990390784
1214369199314866176
1214369027541422090
1214368972797202432
1214368852911493121
1214367634831093760
1214367311001505792
1214366962534539266
1214366197673840640
1214366183245393921
1214365919394324480
1214365886284480518
1214365788838211584
1214364833400983553
1214364781622239235
1214364120948101120
1214363901166575616
1214363813899837440
1214363729938264064
1214363036825186304
1214362652765351937
1214362584947798025
1214362496854888450
1214362307133878272
1214362066124976129
1214361616067833862
1214361513479360517
1214361489487859712
1214361288454873088
1214361144539746305
1214361049606037504
1214361017750360066
1214360512571551747
1214360394543841280
1214360276440637440
1214359913314562050
1214359868619943936
1214359862731300866
1214359840941838337
1214359262656372737
1214359020359868418
1214358899249205249
1214358898909597697
1214358849127354368
1214358626292383745
1214358354623160321
1214358174763044865
1214357680787218435
1214357478969954305
1214357400456769542
1214356883009687552
1214356433619304449
1214356370272792578
1214356348240039936
1214356235362942976
1214355991250292741
1214355961999241218
1214355785955913728
1214355709653065730
1214355385085235200
1214354968829931520
1214354956423176195
1214354725723881473
1214354672334585858
1214354238228303874
1214353814058405888
1214353804201799680
1214353630146498562
1214352452851363840
1214351739215892480
1214351623675424768
1214351509019906048
1214351501252009984
1214351149047922688
1214351110129012743
1214351042068013056
1214350962359443456
1214350926649208832
1214350686013599744
1214350573245476865
1214350509517295617
1214350447345098754
1214350366206246954
1214350274611027968
1214349848037806081
1214349840865468418
1214349790231875587
1214349601429430273
1214349087828520961
1214348939937353729
1214348925777457153
1214348866000216064
1214348850967781379
1214348767417315334
1214348756612722689
1214348752082870274
1214348671594184704
1214348331243073541
1214348105904197632
1214348044751106050
1214347847539122177
1214347831022096384
1214347600675168256
1214347427219726338
1214347424996745217
1214347251633577984
1214347218989309952
1214347147208011777
1214347098218475520
1214347096142290947
1214347091545378819
1214347040513093632
1214346968681664512
1214346918446411778
1214346840843456514
1214346733112700928
1214346640133369857
1214346505026461697
1214346431928184835
1214346406871420930
1214346402635157505
1214346384159195137
1214346173043134464
1214345935490293760
1214345833367293952
1214345821937950720
1214345815268954113
1214345783924920323
1214345725225635840
1214345645789720578
1214345589959331846
1214345480651583488
1214345468194574337
1214345356537761792
1214345244570992641
1214345234777362438
1214345168503164928
1214345148441780224
1214344926596599809
1214344709709221888
1214344590305775616
1214344382037532673
1214344138012774400
1214344053392838656
1214344049672499201
1214344049336954880
1214343915446448128
1214343845405745153
1214343789218803714
1214343739109449729
1214343729110298624
1214343689524396033
1214343638551056384
1214343568690688000
1214343415128875009
1214343390835494913
1214343333444816896
1214343332291371014
1214343330135519233
1214343276284796928
1214343210140676096
1214343107044691969
1214343024391663617
1214343016435081216
1214343005265678336
1214342794761900032
1214342695373676545
1214342616722149378
1214342523109421056
1214342368293523461
1214342353810608128
1214342352891985925
1214342316015673344
1214342254816423936
1214342235317325829
1214342121131532288
1214342039581679616
1214341922401214464
1214341900800602112
1214341870836441092
1214341843359547393
1214341629441646592
1214341312171913217
1214341212062277632
1214341186917425152
1214341118751596545
1214341050430623746
1214341009678782465
1214340999331364870
1214340916183552000
1214340904821121024
1214340898852614144
1214340836835700743
1214340758397947906
1214340716039753733
1214340653519450112
1214340503325564928
1214340309875855360
1214340309703962630
1214340269396635649
1214340197711790081
1214340106179485696
1214339864641982465
1214339860854640641
1214339838729691136
1214339836603179017
1214339810535587840
1214339784023388160
1214339752457101313
1214339752280940546
1214339729669414912
1214339682210926593
1214339638225231874
1214339468305534976
1214339386289995777
1214339307936403456
1214339249140621312
1214339221944782848
1214339106236456961
1214339066675761152
1214339035226882049
1214338998421852160
1214338974384349184
1214338874492760064
1214338802778615808
1214338771577163776
1214338704241758209
1214338648314908673
1214338637745328130
1214338634352074753
1214338590156738560
1214338571764686849
1214338484728745985
1214338433251971072
1214338428814462976
1214338420849479685
1214338293107691520
1214338204201103367
1214338149217898498
1214338133321486337
1214338082394329091
1214338004665405442
1214337940597432320
1214337898423705601
1214337895554793473
1214337894585896968
1214337891440222210
1214337890156716037
1214337883986956294
1214337768056328198
1214337749454643202
1214337685902503936
1214337681855041536
1214337665157521408
1214337610262437889
1214337606424694787
1214337582965960704
1214337558282412033
1214337541056454656
1214337533879947265
1214337524790964226
1214337522928693254
1214337426941972485
1214337421896245254
1214337296721498112
1214337245005647872
1214337125157605384
1214336943477141506
1214336707006521345
1214336613599326208
1214336205480837120
1214698099328868352
1214696371393044483
1214689033349152768
1214687563576946689
1214684853779795968
1214684656492253185
1214680162354241537
1214679730752040960
1214679584148508673
1214677816454893571
1214671225974329344
1214668699673735168
1214666843971084288
1214663216246218752
1214662532402692096
1214662527902273536
1214657776296878084
1214656495629033472
1214656428750884864
1214655715702452224
1214653020769796096
1214649509508239361
1214639606450311168
1214637843668226048
1214633441913901056
1214633289841029121
1214631034681282560
1214631012682088448
1214630638134931458
1214629214185574400
1214625615724326913
1214625438611509249
1214623682334724097
1214623563833102339
1214622477206335490
1214622332309966848
1214622077434650633
1214620342242729987
1214617470197207040
1214611137242828801
1214607355951927296
1214606751837884416
1214606032657358849
1214605923592888322
1214600304550907904
1214596890307809283
1214596581737017344
1214596236809949184
1214593810581409799
1214592955765444608
1214587835430428679
1214586247697567744
1214585953538445313
1214568156577984523
1214565602750132224
1214563367353909250
1214560065585238016
1214550452265603073
1214543552656658434
1214540321591373824
1214536193695780864
1214536178491363328
1214534175732187136
1214527119834931200
1214526471873662978
1214524266429009920
1214523999767736320
1214522881624956933
1214520440657448961
1214517638891786240
1214515839795380224
1214514707736014850
1214510569165852677
1214509055013724161
1214507164842307586
1214499342138122241
1214496650900725760
1214493027257012224
1214492961993633794
1214479659469017089
1214477588980256769
1214470410483511297
1214468727313448961
1214466651124576256
1214464806486458369
1214463732744704001
1214459945019686912
1214459086085017600
1214453337850097665
1214450929405169665
1214449987809099783
1214440413693710336
1214435911997542400
1214432298625576960
1214430203394613248
1214428328259653632
1214417558297882624
1214416271887912961
1214410609229549569
1214404383720513536
1214403362587840512
1214401782140604416
1214399525802192902
1214397565350948865
1214397224903421952
1214387916840943616
1214387320247455750
1214381797427097600
1214377754881335297
1214376608078991363
1214370268967251968
1214369735850237952
1214364672054452225
1214363712028659712
1214362215110889473
1214356908024487942
1214356114390880256
1214353670915137538
1214350845724282880
1214346582180675585
1214343074169675776
1214341019480809475
1214337115229687811
1214697583077199872
1214687084990128129
1214686152348884992
1214679243143208960
1214669358322081800
1214668453560369154
1214668061523038209
1214667989385125889
1214667486588596224
1214663036654538752
1214663008632365056
1214662672643448839
1214655364576284673
1214654079458332675
1214641655107731456
1214638085826322434
1214636945067954181
1214635018871623680
1214629987900444674
1214625719449468928
1214624596990803975
1214613308768174083
1214612900750528512
1214611969409462274
1214611830020222976
1214609920080912384
1214608476745424902
1214608415043018752
1214606380193243136
1214604292650340352
1214599849435373568
1214594652415901698
1214588157389352960
1214587767038128133
1214586910921961473
1214580967635128320
1214578694745972736
1214564880532955136
1214558412115070978
1214548398868717569
1214544178920787969
1214542813901119489
1214540098328547329
1214535045429551111
1214533217761603586
1214532448320708608
1214525631460990981
1214521589800280064
1214521553360162818
1214515559938887680
1214506424216276994
1214501739862405122
1214501656102080512
1214500535769980929
1214497584108191744
1214495892033679360
1214492857916174337
1214492484086177792
1214489530167963648
1214485275885363200
1214485022662709249
1214482396206260224
1214478294999085057
1214474734768939009
1214470863774457856
1214459669814611974
1214456527156916224
1214456497125699585
1214440348325437447
1214432841553063941
1214431548910510081
1214430157299232768
1214429828272807937
1214426130616336384
1214422176335638528
1214421667839139840
1214407748059901952
1214407676958060545
1214406821370384389
1214403684114862081
1214384824271683590
1214380079674994688
1214378701632286720
1214370078063517697
1214368343030976517
1214349180849840133
1214349160213864449
1214347092367462405
1214344721193209857
1214339831691644928
1214338587300368387
1214570266967363584
1214568202002255873
1214549011870425088
1214450622671527936
1214686472873398272
1214631188029169664
1214617967163584513
1214615540905500675
1214605096367120390
1214601241466228736
1214562836946403329
1214554441652875264
1214480773052588032
1214399744392548352
1214398237379088384
1214388633026867202
1214345648558018562
1214344964743815169
1214694276963143683
1214686317356998657
1214672218430590982
1214663709349556229
1214627900181352448
1214626002887958529
1214625315923865606
1214624455437279232
1214619088653365254
1214615933345509376
1214615908930478080
1214607635519037443
1214572463591436288
1214571068956069895
1214563639249620994
1214536811575463936
1214488383571017735
1214478438108717056
1214360414219358208
1214576485367001089
1214494013002338305
1214693257545994241
1214666685086683136
1214664496591048707
1214662189048578049
1214657102947475462
1214653873425653760
1214644853465927686
1214644381808025601
1214642219119984640
1214641919407640581
1214638439439712256
1214629752386072576
1214626213840510976
1214624029279211525
1214618502285479937
1214617812167200773
1214594485579132929
1214589908440010752
1214588122731864064
1214587477782093827
1214586551155466242
1214572260947877888
1214572095470022656
1214569679613759498
1214568382286176256
1214567666356301824
1214565022568865795
1214561389785665539
1214554827780435968
1214553366866616320
1214552181644431360
1214539797542428679
1214539372047093763
1214534212264611842
1214512714585907200
1214510977473011712
1214507986552606722
1214506083420647425
1214502738538717184
1214500442178232321
1214495276083400704
1214487525206757378
1214483280239702016
1214479397106917376
1214479289950834688
1214477052885291014
1214474518149894144
1214472698291732480
1214467855678365697
1214467100561100800
1214455909407219712
1214452897808826369
1214446857893662721
1214441489104867329
1214433924425887744
1214433621798539264
1214414485613678592
1214383514323423233
1214373281396150272
1214371184147652608
1214363267365249024
1214348433580015616
1214683112010997761
1214682350329700354
1214515467622199299
1214490601535750144
