id
1218658382950944768
1218653755584937985
1218642971177840640
1218640671646547968
1218634278289969154
1218629270223949828
1218629045140819968
1218626370881884160
1218624257552416769
1218623897890885633
1218682694445535234
1218679954931621888
1218677682394845188
1218671476838105088
1218667864229646336
1218667097338740736
1218657039611613185
1218656609519448065
1218655655504072704
1218652775728451584
1218652564264230914
1218651540757663745
1218648884223840261
1218646999190396928
1218644822388563974
1218640887464546305
1218640579673968642
1218640544483762176
1218639352521220096
1218636520598441986
1218635660661272576
1218632466510045185
1218631646976438272
1218631646716579841
1218631630832664576
1218627529013186562
1218627220543098880
1218625207222636544
1218624336350916608
1218621769336139776
1218619427916341254
1218617098429194240
1218616695377580036
1218616546760650753
1218612030866972673
1218604459133218816
1218600444571811840
1218600268465680384
1218598917740408832
1218593898446102529
1218593898324299777
1218589426571522048
1218586849456852992
1218586347817992193
1218586082813542400
1218585803791785986
1218584754846687234
1218583430545465346
1218582716956008449
1218580138742423553
1218580087450357761
1218578995404582913
1218578898251894787
1218578798465048577
1218574940129067010
1218572105006141442
1218571249040986113
1218570702640558081
1218570680305844226
1218567473550721025
1218563703789875203
1218563698672971777
1218562675032121344
1218561422742843393
1218560351429648388
1218557911896657921
1218556544234729474
1218555398195744772
1218552873430265857
1218552299817185280
1218550775837794304
1218549893159116802
1218549655136620545
1218548948589334529
1218548624990359552
1218548601787420672
1218540867235012608
1218540194900664321
1218537654322634754
1218537605509402629
1218536258001145859
1218536118976684034
1218534527221600261
1218533776030142466
1218533695763644416
1218533502200832001
1218526705062699008
1218525950113087489
1218524366130098182
1218523924247588864
1218520745971716096
1218519303143796736
1218519003708215296
1218518400827150336
1218517710289633280
1218515560528564224
1218514625437716481
1218511966358200321
1218510850564083712
1218508637867532288
1218507788172681216
1218506961081245696
1218503474205339649
1218500327747522560
1218499525926514689
1218495894280007680
1218495751191322624
1218494959894089728
1218494565012983808
1218489754720899075
1218489719178383360
1218488203931340801
1218488201192595457
1218487216160362502
1218486382856998912
1218483853242793984
1218481628508512256
1218477699695632385
1218475039714160641
1218474814886772736
1218474379710885888
1218473101496766464
1218470585145155584
1218468296137285633
1218462467287896064
1218461904605253638
1218458973147488257
1218458003843665920
1218452821261148160
1218451051675815936
1218450452519407617
1218450444474900481
1218446677453017089
1218444304164761600
1218442999006449664
1218442690209206273
1218438795009413121
1218438067591307268
1218434707345506305
1218433662749986816
1218427803399385089
1218427803026067456
1218426565144563713
1218426059584086017
1218424946550067205
1218424020409909248
1218412520492404737
1218408928717017088
1218398400691023872
1218395447640936448
1218395445443080192
1218393238014496769
1218392398008651781
1218389570670166017
1218385955775819776
1218385856513421314
1218382504953933824
1218362806799667201
1218354869406355456
1218337208639393792
1218671310890524672
1218648021929426949
1218630842815328256
1218630748737081344
1218618751341531141
1218618749424689153
1218576377659740160
1218572466555183108
1218564723236454400
1218562408156815360
1218558307276918785
1218541053130825728
1218531491615072258
1218524442931974144
1218520904621346817
1218520689285771266
1218520687293423617
1218520685116608512
1218520682964946950
1218520458326347776
1218519116388216833
1218517298027335680
1218515841710460928
1218513292584345600
1218511552703275008
1218508597119897600
1218504310151155712
1218491039465558017
1218480710719365120
1218480679564054528
1218476432537669637
1218471733100994562
1218457692685111296
1218442916282150913
1218441323927261184
1218439729131261953
1218428137043824640
1218420269720784897
1218393780874858496
1218377886761132033
1218369454775717893
1218367406193557504
1218365877088915456
1218352306623672320
1218324880820711424
1218621593238360064
1218547508390981634
1218613439737794566
1218610408065503237
1218610231149768705
1218605005852282881
1218603902892986368
1218603384326049794
1218602910801711106
1218602107563057152
1218598847569711104
1218597927318433792
1218591060097732616
1218589903493222401
1218587852797247488
1218587036489342976
1218586668552400897
1218582646973960194
1218581775468896256
1218580078168285190
1218577344501362688
1218574041612738562
1218570377833611266
1218569031256551424
1218564885036044288
1218563625838878721
1218561262398976001
1218561182061223938
1218553129614090240
1218548683186241537
1218546269448212480
1218544860900352002
1218537159239487489
1218532585598525442
1218529357750095877
1218528036741472258
1218522405985013761
1218522199725879297
1218518330698391553
1218517766589775875
1218517653322637312
1218517606501703680
1218515018271952896
1218514757310959616
1218514087774167040
1218514017926438912
1218514007356858369
1218512199402041344
1218511220036136960
1218501452886355968
1218501451108048896
1218500080350781440
1218488452901109761
1218487748643971073
1218482895192543232
1218482120483581953
1218478807088357376
1218478243373879296
1218462853637836801
1218457119193739264
1218456050560643072
1218454649071636480
1218452477680349184
1218450429064830979
1218449502354296832
1218445695641800704
1218443977386414081
1218443786663157765
1218443691490250754
1218443540767891456
1218442904676384774
1218442010689802240
1218441434128404480
1218440827808243712
1218440569992753152
1218439600533843969
1218437872405164032
1218437659963658240
1218436838299504640
1218435352836239360
1218434258441777153
1218429809065328641
1218426395816288256
1218423656520593408
1218415987751436289
1218414795663331331
1218408340805636096
1218405172004773890
1218399478895587331
1218394339887460352
1218389529243070465
1218381751371948034
1218378729635950592
1218372277890355200
1218346029357113344
1218598361512775687
1218571478414786562
1218542754311090176
1218499486231814144
1218486058884747265
1218486025913360384
1218662817127071744
1218636283754504192
1218613009901412354
1218611474391863296
1218576284005085185
1218562157526294528
1218506500764852224
1218498780573683712
1218497013567934464
1218494255339098114
1218464807575326721
1218462697488035840
1218462695311249410
1218452281663918081
1218452155381796864
1218445494483111938
1218421358377521157
1218346533604798464
1218684295147147264
1218684170630782981
1218684160233086976
1218683704450613257
1218683656535007232
1218683501903536140
1218683364305141760
1218683108385599489
1218682390958219264
1218681920155987970
1218681852866781184
1218681348904431623
1218681184026341378
1218681012047183872
1218680955419922432
1218680861316399104
1218680264005734400
1218679909490593793
1218679897427783680
1218679799150993417
1218679747288477697
1218679282400137217
1218679282056278022
1218679014497357824
1218678866216132609
1218678648162717696
1218678638666747907
1218678622481010689
1218678540893401089
1218678315281780736
1218678084456583168
1218678011999944705
1218677900804853760
1218677147130302464
1218677040200613889
1218676971992948741
1218676776353894401
1218676505733226497
1218676319992655872
1218676066035937287
1218675497082740736
1218675316195057669
1218675278379089921
1218675275816488960
1218675198901342208
1218675143288872960
1218675113194938368
1218674913772482560
1218674611933663234
1218674573136318467
1218674538726207488
1218674360757690368
1218674216133963782
1218674098039070722
1218673936281559040
1218673856073871360
1218673806807654402
1218673683167875072
1218673597092417541
1218673522404405248
1218673402216624131
1218673274261069826
1218673234905915395
1218673134649466880
1218673080647798786
1218673047038763009
1218672822186397697
1218672477439766528
1218672352785063936
1218672244999757829
1218672207288770560
1218672163080810496
1218672125172703235
1218671769814474752
1218671587613990912
1218671459696103424
1218671016148439047
1218670888545071105
1218670885118316550
1218670883121827840
1218670737831145473
1218670645350948870
1218670427528146944
1218669883342249984
1218669719525392385
1218669593419558913
1218669554316062720
1218668884900950030
1218668802352799744
1218668627844571136
1218668337544167425
1218668256598405121
1218667957653471234
1218667716439089152
1218667706930663430
1218667522049880065
1218667272845320195
1218666862713753602
1218666841813454850
1218666763837222914
1218666691909029895
1218666603585449985
1218666447548878849
1218666247291899905
1218666015137116160
1218665895310110723
1218665851634753539
1218665712643977216
1218665604833513472
1218665589494992897
1218665339355123712
1218665266323824640
1218665193808572416
1218665187429027841
1218665156164624384
1218664642131656705
1218664603120553984
1218664506789965824
1218664390339256321
1218664248282357761
1218664215948537856
1218664150618066944
1218663405302796290
1218663396985462784
1218663264764276738
1218663057943072769
1218663041363038209
1218663005690433536
1218662824488177666
1218662374649081856
1218662208684613636
1218662187037753344
1218662008402468865
1218661798225772546
1218661710271172608
1218661423485722625
1218661389235113984
1218661339192840192
1218661157478850560
1218660947784617989
1218660947331571716
1218660883825680384
1218660792041648130
1218660289572483072
1218659844812443648
1218659736884776960
1218659490821787648
1218659471762829318
1218659339642327047
1218659256578211840
1218659211284008960
1218659104467701760
1218658735306027009
1218658634105806850
1218658612878434304
1218658592561168384
1218658533627043841
1218657967106658306
1218657624134168578
1218657581738135552
1218656987501735936
1218656845201596418
1218656072501776387
1218655946882371585
1218655708272566272
1218655599896023040
1218655570686857217
1218655530035695616
1218655349793861632
1218654973296332800
1218654877632598016
1218654729338806273
1218654495443496963
1218654253461295104
1218653963144376321
1218653653957038080
1218653563687243776
1218653300704321536
1218652954019930113
1218652886822989824
1218652633726181377
1218652547663175680
1218652186856632321
1218652150848466944
1218651539176411136
1218651498588053504
1218651469504819202
1218651380283531265
1218651366555635712
1218650962421829632
1218650420270288896
1218650413613797376
1218650072486940673
1218649940752289792
1218649872313864192
1218649548433907717
1218649529924444160
1218649294833692673
1218649115996905474
1218649071864467456
1218648904809447424
1218648854511353857
1218648698894409731
1218648641214218241
1218648630137102337
1218648469721747456
1218648278843174914
1218648159951343616
1218648142654009344
1218647850760003591
1218647844611141640
1218647805452881921
1218647800621211648
1218647746955173888
1218647642550521856
1218647573013114881
1218647570882486272
1218647373263622144
1218647111413223425
1218646958946037760
1218646899336630277
1218646770739224577
1218646734244581376
1218646726665555970
1218646584994541570
1218646476143964161
1218646174137298944
1218646109750550530
1218645952887689217
1218645904552534021
1218645624746389504
1218645366997995520
1218645011769806848
1218644923873988608
1218644698513969152
1218644557686018049
1218644456771067904
1218644421115367428
1218644312721887232
1218643881329295367
1218643879865540608
1218643642027597829
1218643282449747968
1218643092485611520
1218642791938580482
1218642521900953600
1218642471032369153
1218642296100605952
1218642222821859328
1218642076465795073
1218641926590803969
1218641719639650304
1218641627448856576
1218641588970233856
1218641448876355585
1218641427988729856
1218641383377993729
1218641183150309376
1218641068851388416
1218641044935409664
1218640978648629248
1218640962135764992
1218640678302949377
1218640672288395264
1218640660535939072
1218640603522772992
1218640495053877248
1218640466348036096
1218640364577443841
1218640360345341952
1218640277654642693
1218640134746398720
1218640074910269440
1218639767849578496
1218639631312392192
1218639588962525184
1218639357436944385
1218639204827193347
1218638781366050818
1218638653620203520
1218638623572099075
1218638382307381249
1218638315479601152
1218638129504096257
1218638022956195843
1218637937891405824
1218637757502849025
1218637589676208130
1218637563101175808
1218637343730622467
1218637338504581120
1218637060715753475
1218636714769514497
1218636702287384576
1218636689444306950
1218636386246504448
1218636114539446273
1218636090065768448
1218636088492855301
1218636001368780806
1218635462950125568
1218635421350940672
1218635381689679872
1218635337821556737
1218635220703944704
1218634965367259141
1218634859775655939
1218634671384420352
1218634560197615616
1218634358720008192
1218634183486164997
1218633967622029314
1218633822054617092
1218633708342784000
1218633543041069062
1218633399549812736
1218633247648862209
1218633239708999680
1218633010314125314
1218632996879728646
1218632995101343745
1218632145499041795
1218632026556981249
1218631991303843840
1218631962346303488
1218631840980000768
1218631813033267200
1218631563354738689
1218631542857183232
1218631498456272897
1218631339303411712
1218631254049992704
1218631018430771200
1218630947417067520
1218630946959785985
1218630941901500416
1218630814994436096
1218630295236292613
1218630069398245377
1218630042189586433
1218629778439274498
1218629571509133313
1218629328424046593
1218629186400739333
1218629001192910849
1218628882884104193
1218628870188011526
1218628554902179846
1218628415957368832
1218628347657433088
1218628259195297794
1218627973047373824
1218627949068537856
1218627883276607488
1218627828696125442
1218627720046956545
1218627617433190408
1218627604816781312
1218627511279591431
1218627479868465152
1218627442954379267
1218627420426620928
1218627194987188224
1218627178767798273
1218626466721734657
1218626010738053120
1218625831821627399
1218625801782026241
1218625650589868033
1218625630658531328
1218625523859017728
1218625367981940740
1218625354753028097
1218625114331205632
1218625061499875328
1218624911847104514
1218624737523322880
1218624731248758788
1218624590986936321
1218624480978915328
1218624440231190530
1218624293233360896
1218624244684328960
1218624176552103936
1218624119756877825
1218624100429705223
1218624097145511936
1218624078241812481
1218624044670619648
1218623972071411712
1218623961438785536
1218623743330803713
1218623693435424769
1218623520114118658
1218623453978296322
1218623358436331520
1218623319404175360
1218623277247213568
1218622963785850882
1218622671455428608
1218622656402116608
1218622610373840896
1218622530682007559
1218622371025883136
1218622315140763649
1218622313031225352
1218622167073640449
1218621708418068481
1218621694551756801
1218621189196742657
1218620991577956352
1218620826716643329
1218620817904480257
1218620635829678081
1218620467520720902
1218620301170352129
1218620140063002624
1218620083070816256
1218620044898373637
1218619968905977856
1218619959791771650
1218619937100587009
1218619896193568769
1218619784365006855
1218619729767780352
1218619693453451265
1218619418365845509
1218619409721327616
1218619347880566784
1218619128900214789
1218618999573008384
1218618948985352192
1218618775626493952
1218618609058091008
1218618343449681921
1218617887323295745
1218617826686140416
1218617587346608128
1218617544619307009
1218617490152083457
1218617486834393089
1218617334040014853
1218617164766359554
1218617001440088069
1218617000475480074
1218616855054704642
1218616692156268544
1218616352208031744
1218616123199053825
1218616109122932737
1218615803425312768
1218615579801784321
1218615479515996161
1218615136837099521
1218615117685968896
1218614839964241920
1218614818162315265
1218614530336530434
1218614426418454530
1218614051644813323
1218613551151177734
1218613422927044609
1218613399535353856
1218613279754420226
1218612858176536576
1218612725854679041
1218612618564456453
1218612444442058753
1218612050903076869
1218612022528684032
1218611967742615558
1218611944149614593
1218611911236841472
1218611905851465730
1218611765921165314
1218611682722951169
1218611415793225729
1218611297111232513
1218610944710008833
1218610894709698562
1218610514080804865
1218610339824185346
1218610231074344960
1218610226158559235
1218610153035124736
1218609640323321862
1218609457812340736
1218609455912443905
1218609191667032067
1218609075212226560
1218608999316086784
1218608984048967681
1218608833158881281
1218608765852954626
1218608735465230336
1218608691836080128
1218608616099536896
1218608604569272321
1218608566929522688
1218608480820527105
1218608235365662720
1218608054670888961
1218608017379336194
1218607939071725568
1218607689279922176
1218607617817399296
1218607590080421889
1218607497541570561
1218607463332765696
1218607144548950016
1218606997039460358
1218606995609092101
1218606957692686343
1218606864046460928
1218606711071703041
1218606527575220226
1218606496537305089
1218606004553814016
1218605908781080578
1218605845472325633
1218605622117175297
1218605485944864769
1218605443158810624
1218605365585235974
1218605309578694662
1218604824297721856
1218604713027014658
1218604034040500226
1218603994433642499
1218603939765067782
1218603866247368704
1218603861038059522
1218603806436528129
1218603751398936576
1218603655672270855
1218603581504401409
1218603460444200960
1218603326213906432
1218603221679329280
1218603141903667201
1218603111675322368
1218602766593150976
1218602352116207618
1218602341332549632
1218602285518946306
1218602234398806017
1218602196041904130
1218602138617688064
1218601896350449664
1218601852784250885
1218601837504421889
1218601798820417537
1218601782710022145
1218600817474908161
1218600728790519810
1218600570250022916
1218600360782241793
1218600097564504064
1218600094276227078
1218599660941717516
1218599638011465728
1218599613474779137
1218599505018458112
1218599476941807616
1218599431966220288
1218599367608864778
1218599362336559105
1218599236075474956
1218599168316444674
1218598795291906053
1218598677016711175
1218598455553163266
1218598367430877185
1218598195271475200
1218597994066534400
1218597893285777408
1218597877372661762
1218597683453100032
1218597672829030405
1218597030479704065
1218596850732879874
1218596598533492738
1218596559924932608
1218596081082294274
1218596008575295491
1218595897644322817
1218595872168202241
1218595870414864384
1218595847866396673
1218595708753850368
1218595558639722498
1218595425394888704
1218595356256149509
1218595224332599296
1218595156800221185
1218595154493427712
1218594847755587592
1218594766050529280
1218594582184833024
1218594570973458432
1218594557312540672
1218594500530098177
1218594474844131330
1218594435660906499
1218594433035329536
1218594371810951168
1218594344380325890
1218593945745264641
1218593900115513348
1218593872139386880
1218593617067028483
1218593189768155136
1218593065050476549
1218593031781261312
1218592970686988288
1218592641887166464
1218592504045502465
1218592259140177920
1218592224813907969
1218592141070479360
1218591997717635073
1218591978490908675
1218591960740446210
1218591786974830597
1218591685426454528
1218591682347839489
1218591619907231745
1218591366810423296
1218591199621197824
1218590982331125760
1218590755595456513
1218590503601614848
1218590458416332802
1218590409439563781
1218590197866270722
1218590124323282945
1218590120334495744
1218590026264649728
1218589991418388480
1218589806168616961
1218589775428497409
1218589114909384705
1218588999780044800
1218588953164632064
1218588927180910593
1218588703666442243
1218588624138141696
1218588397654237184
1218588148273422342
1218588068313227268
1218587997844668423
1218587956417613824
1218587890676117505
1218587720005693441
1218587644277342208
1218587519299792896
1218587411094982656
1218587383353966593
1218587332418375680
1218587211949596672
1218587110443233282
1218586897305538565
1218586862350106632
1218586751259770883
1218586699925577729
1218586068078845952
1218585867926765569
1218585625797984257
1218585377235197953
1218585374106300417
1218585362781569026
1218585120833183754
1218585000062390272
1218584799381741577
1218584778330591232
1218584702828892160
1218584502383063040
1218584490810970113
1218584474453192705
1218583979202424832
1218583975045844992
1218583754962350080
1218583598992887809
1218583556991131649
1218583492159778816
1218583476397539330
1218583252316905472
1218583128664694785
1218583038512312320
1218582993515753480
1218582776770895874
1218582733246681093
1218582370976247808
1218582345038479362
1218582329016356867
1218582146950012931
1218582035754778624
1218581859652771840
1218581562293399553
1218581329224306688
1218581257308835842
1218581123741179905
1218580808535027713
1218580557627564032
1218580529349648387
1218580505085595650
1218580466304983041
1218580282095423488
1218580218996318209
1218580014532300801
1218579767974297600
1218579515137499140
1218579435701465088
1218579420413353984
1218579300540088322
1218579000676749312
1218578873635438594
1218578806723764229
1218578727111741440
1218578347216769025
1218578228157276162
1218577980437549058
1218577798530510848
1218577636051640320
1218577390231793664
1218577349937172480
1218577304596688896
1218577237840220161
1218577193665728520
1218577084483809281
1218577081535270913
1218576985888382976
1218576704840568836
1218576668719243264
1218576558325104642
1218576492709498880
1218576326870913024
1218575978747789312
1218575891648983040
1218575205213396992
1218574794926559233
1218574690005979137
1218574687590146050
1218574635228450817
1218573801534959617
1218573329805860865
1218573031745970178
1218572807203950592
1218572460859281412
1218572452474904576
1218571895450157057
1218571854262210560
1218571625404207104
1218571301599825926
1218571249539932163
1218570966630109189
1218570870853132290
1218570758118612992
1218570741224001536
1218570498935873536
1218570411086098437
1218570371810693121
1218570132257042433
1218570121876267013
1218570082319831042
1218569945426092038
1218569806405939200
1218569659336790016
1218569175305793536
1218569158755045376
1218569109123883009
1218568982455836672
1218568913379905543
1218568873257111555
1218568865665470464
1218568619724066816
1218568544818028544
1218568488278745090
1218567679096901632
1218567629058838529
1218567459084603392
1218567103864807426
1218566694290980866
1218566270708260868
1218566181591842816
1218566171190026241
1218565517981769728
1218565387278831616
1218565205812269056
1218565004645085186
1218564687253725192
1218564574867337216
1218564566201851904
1218564548879429638
1218564496182185985
1218564413520850944
1218564343744421889
1218564277793103874
1218564098356588547
1218564026378137601
1218563976084312066
1218563961085485057
1218563896866373634
1218563811285905408
1218563374444838912
1218563373308219394
1218563090830237697
1218563034387550208
1218562877445103618
1218562710285123584
1218562490159849478
1218562473009319936
1218562392176709632
1218562291974709249
1218562202682253312
1218562125968412672
1218562005155700736
1218561981562662912
1218561959735496705
1218561907717787650
1218561819951927301
1218561800641359874
1218561611645976576
1218561310289514496
1218561193448804354
1218561145772048387
1218561143553347584
1218561094530293767
1218560966289346561
1218560851684286464
1218560765336133632
1218560589393547264
1218560521659658240
1218560472728862726
1218560295356063750
1218560248799223808
1218560033396531205
1218559945139986435
1218559880371613696
1218559798968508416
1218559788977676289
1218559686125015041
1218559682035507202
1218559575307276288
1218559564574052352
1218559189464862720
1218559155071606784
1218559144988418049
1218558942990753792
1218558768126025728
1218558440957714432
1218558408758046720
1218558376927428608
1218558002413887488
1218557621973721088
1218557479908495361
1218557422287147009
1218556950453067780
1218556558679986177
1218556398214287361
1218556227137032193
1218556183767920640
1218556149869338625
1218556126263902208
1218555931140796417
1218555877994782720
1218555767722323970
1218555719760457728
1218555512578547712
1218555336967192576
1218555288225304581
1218555281543770112
1218554858770444290
1218554844161679361
1218554774724825091
1218554740138815488
1218554312181219333
1218554279864291328
1218553872106631169
1218553744100675586
1218553692917567488
1218552989977325569
1218552751447212034
1218552565958311937
1218552564607782912
1218552005951664130
1218551971055054848
1218551418522652673
1218551075613167616
1218551049230876674
1218551036132151302
1218551005727641606
1218551001008963584
1218550823103488000
1218550732745576448
1218550669877137408
1218550539782447105
1218550394936348673
1218550275860041728
1218550151628935170
1218550066211950593
1218549792210608129
1218549790226644992
1218549512266027009
1218549403411275778
1218549142122835968
1218548908974014465
1218548802564579328
1218548530744373253
1218548268315049984
1218548180142510083
1218548116280037377
1218548025087447040
1218547983064674306
1218547910914297856
1218547808686551040
1218547669548879876
1218547309241339907
1218547299514822656
1218547099379224581
1218547044819795972
1218546988674965505
1218546932332875777
1218546685187629056
1218546473287200769
1218546445458034697
1218546370287673344
1218546221931016192
1218546196060475392
1218545729649725441
1218545610732662796
1218545505162158080
1218545398479978498
1218545135123943425
1218545039921598464
1218544874909323264
1218544861806309376
1218544793657257984
1218544691546939394
1218544640623697920
1218544393629532160
1218543868783878144
1218543682938339329
1218543424418254848
1218543189864386562
1218543030422200320
1218543012575236098
1218542327540731904
1218542301225652224
1218542229603651584
1218541866007912448
1218541845925564417
1218541578479964163
1218541477195866119
1218541465363779584
1218541360250265600
1218541207003058176
1218541202489905153
1218541201437143040
1218541049456386048
1218540456499404800
1218540364648402944
1218540325863555072
1218540230187323392
1218540173899845633
1218539824694669312
1218539773658312704
1218539651813822464
1218539559878873090
1218539422083358720
1218539325232689152
1218539097356210177
1218539089865191429
1218539089185714176
1218538838861209600
1218538768791220224
1218538588297498624
1218538461755559936
1218538438221291521
1218538256637333506
1218538003234205698
1218537851949846528
1218537650967269376
1218537376160604161
1218537355524628480
1218537045188059137
1218536536997797889
1218535837287288833
1218535778135027712
1218535462027124737
1218535431538724864
1218535277293010945
1218535216052166656
1218535203808907264
1218535096942301186
1218534724093861888
1218534263882158081
1218533978476548099
1218533968817139712
1218533832854556672
1218533757671612417
1218533699710529536
1218533590541250562
1218533487201878017
1218532350818160640
1218532188012122112
1218531908063285249
1218531826949599232
1218531442650644482
1218531098424238080
1218530938176573441
1218530908871045123
1218530864075886593
1218530834384330752
1218530687218868225
1218530528674091009
1218530458130096128
1218530135151992833
1218530103946334209
1218530053841203202
1218529906503704576
1218529872085045250
1218529864023728128
1218529860395708416
1218529799876087809
1218529792330543105
1218529771291922432
1218529726370852864
1218529375517380608
1218529332739657728
1218529286115745792
1218529029394923520
1218528804005728256
1218528658245156864
1218527932001521664
1218527599435165696
1218527454635098112
1218527235235291137
1218527120374235137
1218527118419791873
1218527076959035392
1218527026799312898
1218526999486124033
1218526921807532032
1218526889658241024
1218526878941745158
1218526703183712256
1218526669964750848
1218526588989583361
1218526564880650240
1218526455950389250
1218526296139010049
1218526101879840768
1218526067734073344
1218525982140895232
1218525598961848320
1218525532410851329
1218525492539805696
1218525470339346432
1218525381923426304
1218525314827071488
1218525310150414337
1218525213517807616
1218524760595935232
1218524757542539266
1218524596330287106
1218524579393654784
1218524550389956609
1218524432890826752
1218524364460654593
1218524362657148928
1218524214971584514
1218524154695241728
1218524004618850305
1218523924553748480
1218523884321943553
1218523708534460416
1218523700531691520
1218523505119113217
1218523402388103168
1218523270779219968
1218522927693328385
1218522702027403266
1218522695358468098
1218522639746174976
1218522444182499328
1218522218445115393
1218522086177693697
1218521861254012928
1218521582693429249
1218521561445085185
1218521430385725441
1218521402585862145
1218521324227899393
1218521229684101126
1218521133596712960
1218520690602758146
1218520534058582017
1218520406362996736
1218520362973122560
1218520278734725122
1218520213521620992
1218520052737114118
1218519819487776769
1218519285167009795
1218519226387968001
1218518842483400704
1218518775542185984
1218518494024732672
1218518403960336386
1218518402077286405
1218518106236182528
1218518048535142400
1218518044319809536
1218517901361106945
1218517894595858432
1218517807903772672
1218517722729979904
1218517690991742976
1218517677892886528
1218517231325392897
1218517167852998657
1218516980333993984
1218516849039683585
1218516840172920833
1218516806123630592
1218516729938268160
1218516698137010177
1218516664679108610
1218516588074283013
1218516513210142724
1218516450891255810
1218516036997341184
1218515832487268352
1218515448209334272
1218515275374612481
1218515250137522181
1218515110731239424
1218515096256815104
1218514822725238784
1218514639614631937
1218514423771357184
1218514374027026434
1218514308994301954
1218514240576901120
1218513979812843520
1218513871201239041
1218513803366871040
1218513489167310848
1218513425694961664
1218513133360336896
1218512790719291393
1218512605142233088
1218512319732420609
1218512255559618560
1218512102715011072
1218511908724183040
1218511713328340995
1218511635977031682
1218511381953155072
1218510922030964736
1218510778141224961
1218510652391809025
1218510646297419777
1218510645081051137
1218510532434628608
1218510300703576065
1218509716806160384
1218509391231623168
1218509363834511360
1218509019662503936
1218508854645993472
1218508147054149632
1218508095363715072
1218508078410272768
1218507777993322497
1218507720665387008
1218507696707641349
1218507594857353217
1218507506034626560
1218507326812033027
1218507322332340224
1218507301075718145
1218507092153262081
1218506909189316608
1218506855875534853
1218506666053898240
1218506587939266560
1218506451364335621
1218506217280233473
1218506083909677056
1218506037734649857
1218506024816193536
1218505794787926016
1218505766124052480
1218505530349584384
1218505513278869509
1218505084868296704
1218504876503728128
1218504814314823680
1218504593484779520
1218504272754757632
1218504190818955265
1218504129208823808
1218503901722370048
1218503825822298112
1218503546028613632
1218503439736397824
1218503389115551744
1218503147397767168
1218502653803524097
1218502650699878402
1218502595884593152
1218502592864694272
1218502516658196483
1218502177674661890
1218501916180783105
1218501602761433088
1218501493164269569
1218501475577614336
1218501358883688450
1218501330307895296
1218501322401570816
1218501213072896000
1218500929105944577
1218500754207662081
1218500381342347264
1218500191298428929
1218499980379480065
1218499918748377088
1218499862075002884
1218499765618577408
1218499749474717697
1218499667761291264
1218499643308494848
1218499609435217920
1218499333693280256
1218499274146766858
1218499165879140354
1218499093225406465
1218499029656576000
1218498999956791296
1218498942259908615
1218498847829348352
1218498691125956609
1218497915926142976
1218497722568802304
1218497328711184389
1218496895062102016
1218496837096804354
1218496693915783169
1218496525439029249
1218496168138825729
1218495919601127427
1218495641871142914
1218495499814297605
1218495402124742656
1218495326639837185
1218495312328871936
1218495164093812736
1218494967133413376
1218494768298233856
1218494646344736768
1218494263199248384
1218493937930862592
1218493886303293445
1218493835799678976
1218493658439151616
1218493589237440515
1218493471520108545
1218493328888479744
1218493284898738176
1218493001078538240
1218492988269178880
1218492983412166657
1218492847713923072
1218492825383395328
1218492804609036289
1218492567702188033
1218492540044947456
1218492377859489794
1218492250176528386
1218491834399363078
1218491762769039360
1218491543348183041
1218491540919554048
1218491130356084738
1218491039536775168
1218490973694636033
1218490570835886081
1218490457468166147
1218490277968609280
1218490189762514946
1218490161920716801
1218490066730917888
1218489679923830785
1218489635472625664
1218489597862334465
1218489537258758144
1218489348217241600
1218489121787858944
1218489080062906368
1218488809232445440
1218488714671927301
1218488061912330242
1218487746056146945
1218487462932164610
1218487407953227776
1218487056940392448
1218486792875315200
1218486689565433857
1218486588839288833
1218486433058623488
1218486384522072065
1218486199804997632
1218485886041706496
1218485709285269505
1218485437276225536
1218485379587813376
1218485329675608064
1218485271416705024
1218485128562925568
1218485100515680257
1218485057914130432
1218485042156113920
1218484814036328448
1218484804007727107
1218484687535996929
1218484683232759809
1218484358631370754
1218484166238638080
1218484149188730881
1218483628411432960
1218483119126470656
1218483004156383232
1218482969389817856
1218482812451344384
1218482270186569728
1218482205619556357
1218482015009476608
1218481292792168448
1218481111409594369
1218480906895351808
1218480785780617217
1218480761415880704
1218480638048788480
1218480586416885761
1218480529856659456
1218480503529099270
1218480501679362048
1218480189832933376
1218480089685463044
1218480060690288640
1218479732410503168
1218479699426512896
1218479625506119680
1218479409004535808
1218479388846624769
1218478774917980160
1218478596865642496
1218478477822828544
1218478276768911360
1218477781585137665
1218477277631197184
1218476891990118401
1218476536170455041
1218476511671595008
1218476456529072128
1218476215247560705
1218475804008554496
1218475799696891909
1218475726132912128
1218475683086815233
1218475504749035521
1218475144613703685
1218475092625305600
1218475048450842624
1218474912295329792
1218474864920735744
1218474784020934656
1218474719902666752
1218474697307885568
1218474428637552640
1218474345443610624
1218473779325698048
1218473278232285184
1218473207721857025
1218473185131278336
1218473101912088577
1218473057490259973
1218473054441025536
1218472605822410752
1218472460414324736
1218472303631175686
1218472085426712577
1218472070952226816
1218471357140406272
1218471012171493376
1218470995708780545
1218470964368900096
1218470682134228992
1218470456174555137
1218470401220759552
1218470333554077696
1218470307004108800
1218469861912956928
1218469456202080257
1218469326803464193
1218468181486030848
1218468134253928448
1218467955878420480
1218467805638643712
1218467384740274177
1218467367480713216
1218467323876728833
1218466983273996289
1218466883374108672
1218466750540525569
1218466707938992128
1218466643556425728
1218466375410290689
1218466161165135874
1218466012166672385
1218465952813191170
1218465940343422976
1218465810437394432
1218465807576887296
1218465802409648128
1218465761053769729
1218465645567913985
1218465552198402048
1218465526533558273
1218465342831366145
1218465281229623297
1218465251261370368
1218465173511507969
1218465088769789952
1218464602163499009
1218464555321438208
1218464544353374208
1218462878208069632
1218462843487576065
1218462457502371840
1218462330650054656
1218462324023054336
1218462315810557954
1218462306830557184
1218462248034820096
1218461797671407616
1218461735826395136
1218461693979832320
1218461604418936832
1218461534264926214
1218461369030402048
1218461332942573568
1218461325648633856
1218461147696914433
1218461113613942790
1218460988237852672
1218460810068090885
1218460741377908736
1218460699049046017
1218460135305240577
1218460049242238981
1218459929281015808
1218459925027991558
1218459766588104704
1218459521221304324
1218459505169747968
1218458767001518085
1218458758050992133
1218458489854595072
1218458048299261956
1218457830757490690
1218457722305359872
1218457571914387456
1218457560501628933
1218457145064271873
1218457049543081984
1218456911521157120
1218456001596284929
1218455993216065536
1218455710079627264
1218455678949502976
1218455654995763201
1218455167256944640
1218455024713588736
1218454227166453760
1218453742510583808
1218453656112173056
1218453242696347648
1218453112970674178
1218452913489469441
1218452887283675137
1218452833579782144
1218452787731804161
1218452450614697984
1218452399129550848
1218452396579467264
1218452141452546048
1218452047395246080
1218451953304424449
1218451730016428032
1218451520435433472
1218451423958130688
1218451420921442304
1218451076661334021
1218451022772940800
1218450954707709952
1218450625836605440
1218450323532066816
1218450180799959040
1218449778700365825
1218449755996663810
1218449461183156226
1218449200884699137
1218448964355338242
1218448745001635840
1218448439228489728
1218448374954909697
1218448145354575872
1218448046972948480
1218447755309461504
1218447595942662145
1218447513381941250
1218447472802091008
1218447438777856001
1218447231638032384
1218447025802485762
1218447018479230978
1218446987458162689
1218446973671550976
1218446775855603712
1218446730271830016
1218446514776875009
1218446513283702789
1218446322581278721
1218446312380805120
1218446285017141254
1218446136333217792
1218446030674460672
1218446018255228929
1218445689178480641
1218445515597275137
1218445409716187136
1218445311816978438
1218445244129337344
1218445100726046720
1218445085207072770
1218444889970692096
1218444500567306242
1218444344744644608
1218444024656355328
1218443999771529216
1218443495851155461
1218443365592764417
1218443317840617472
1218443285188042753
1218443275402731520
1218443179495772161
1218443122096689152
1218443012306620416
1218442966320152577
1218442621124849666
1218442429579350017
1218441819652067328
1218441473668108294
1218441439828377601
1218441418349391873
1218441264171028481
1218440948591579136
1218440765514403840
1218440741745319936
1218440380838031360
1218440202328461312
1218440069826187264
1218440029275672577
1218439471168925696
1218439420069761024
1218439321549713409
1218439008113643520
1218438894405980160
1218438860386029568
1218438771533848576
1218438658925178880
1218438325914230784
1218437743660929024
1218437737348567040
1218437509337755648
1218436998081470465
1218436389215330304
1218435932887666688
1218435834220859392
1218434914456088576
1218434851134738432
1218433981131186176
1218433614783950850
1218433329558687745
1218433215142211584
1218433010481221632
1218432899499859968
1218432694117380096
1218432524738842624
1218432357377740800
1218432173709152256
1218432082168483840
1218432032130457602
1218431762583433217
1218431467623239680
1218430816449179649
1218430795875880960
1218430251342028800
1218430036291858432
1218429952598663168
1218429594048483328
1218429536733474816
1218429262765621248
1218429218809356288
1218428965972533248
1218428884888301568
1218428798414266368
1218428672283156480
1218428657594593282
1218428655119896576
1218428520495448064
1218428129724768256
1218428118047674368
1218428087664287744
1218428010078130176
1218427914083078144
1218427856889556992
1218427804536188929
1218427712580341762
1218427634205581312
1218427595588538369
1218427542404767745
1218427526004998145
1218427466345340930
1218427279279362048
1218427153555116033
1218426696363335680
1218426469828964352
1218426286047100928
1218425900364005376
1218425892055199744
1218425506904920070
1218425404605652992
1218425338188967936
1218425272044859392
1218425108706078721
1218425105740632064
1218424800886108165
1218424303751979008
1218423699000504320
1218423029312737281
1218422951294337024
1218422574985760769
1218422413169479682
1218422125855485952
1218422002932994051
1218421849370984451
1218421658433794049
1218421070337888256
1218421044056412160
1218421015266545665
1218420425291636736
1218419756157546496
1218419227226525696
1218418997919698944
1218417495910092800
1218416231662915584
1218415212493230080
1218415137419399168
1218414445950578689
1218414429584400385
1218413931187920896
1218413814250647552
1218413659086622722
1218413561120272384
1218413528652173312
1218413264742363136
1218412751623684097
1218412351176806400
1218411356531064834
1218410954175778816
1218410804904591360
1218410331862634502
1218409683712643073
1218409648325304321
1218409188717735936
1218407657247268864
1218407532340924416
1218407034351235073
1218406845750161408
1218406233943748609
1218405586405969921
1218405373880733696
1218405126555295744
1218404903762132993
1218404518943252480
1218404225861980160
1218403575208062978
1218402249279451136
1218401975785721856
1218401917874905088
1218401022676213760
1218400286613569537
1218398865629597696
1218398529984483328
1218398310878318593
1218396973780406273
1218396409755553792
1218396152724369408
1218396137754890240
1218395166190366721
1218394991288049669
1218394651557875712
1218394535228858368
1218394302050496512
1218393789448052736
1218393002927960064
1218392867741356032
1218392307281600514
1218390442447986688
1218390148313948160
1218389940343656448
1218389308454862849
1218388271727771648
1218388190173843457
1218387495550930944
1218387220463308800
1218386665900838912
1218386422899662848
1218386104698703872
1218384643268980736
1218383167289274369
1218382281896878080
1218381417887010816
1218381220914106368
1218381169667997696
1218380094445621248
1218380093279670273
1218379917076856833
1218379595663233024
1218379297314033664
1218377108596183041
1218376194946666497
1218375637838258177
1218375108995227649
1218375006817787904
1218372028132098048
1218370242931544064
1218369254455697408
1218368662794620929
1218368102355939333
1218367964908531713
1218367536850444288
1218367054526525440
1218366129917382656
1218366067644358662
1218366034555691008
1218365668799799297
1218365319846211590
1218365090224836608
1218364895789572097
1218364291532951552
1218364236646297607
1218363417574154240
1218363375341785090
1218362331807256577
1218360241873739776
1218360061447196672
1218359574383734785
1218358784407613440
1218356826212831235
1218356244366401536
1218355464133541890
1218355445276053504
1218355411545399299
1218355359695491072
1218354435690258433
1218354208996495360
1218354131427057664
1218353293132554240
1218352512585076736
1218352291247468544
1218351832642334720
1218351434124623873
1218351152749797376
1218350168917139456
1218349642158657536
1218349314617085954
1218346721471803392
1218346649191436288
1218346246236266496
1218345529928835072
1218345389285412864
1218343565400645633
1218343406193250305
1218341795710537729
1218341335305986048
1218341129386708994
1218341069106171909
1218341031072145409
1218340991482114053
1218340940773056512
1218339245821218819
1218339155467481088
1218339055022329862
1218339034189193216
1218338981647200257
1218338919747608576
1218337824908414976
1218337806549950464
1218337213424885760
1218336787430617100
1218336656316674048
1218336506412183554
1218336253189468161
1218336201679278087
1218335924490293248
1218335587385647104
1218335265909067776
1218335180454342656
1218334978519523328
1218334816522862598
1218334306759860224
1218334202137141248
1218333501398966273
1218333407891132422
1218333353058979840
1218333198884753408
1218333074414542849
1218332858323996672
1218331874902323214
1218331818803503107
1218331410206990336
1218331173975416840
1218330699121528834
1218330655534329856
1218330599137648647
1218330553486848001
1218330393813889024
1218330253237669888
1218329741981290498
1218329543607451648
1218328986796937216
1218328885751840768
1218328705598197760
1218328559019790341
1218328466296193024
1218328404547842048
1218328336084226054
1218327707156697088
1218327576634105856
1218326779993251843
1218326776465842176
1218326544902430722
1218326163157934082
1218325311290474497
1218325299496091653
1218324267558895616
1218323938117328896
1218323909155618817
1218323723834601474
1218323619266400266
1218322581415256065
1218322448405299200
1218322371205128192
1218676093466574850
1218675133247676416
1218674904138158081
1218674665683652609
1218674517502984192
1218671600414883840
1218669345628393480
1218667630342606849
1218666814345043969
1218665379037417474
1218664815587143680
1218660409596620802
1218660230457954304
1218658051047161856
1218647530319249417
1218644702490251264
1218643179890671618
1218642158611202049
1218639832072826880
1218638429317206016
1218637829032632320
1218637311639990273
1218637085244055554
1218637080278061056
1218630610262155264
1218629832680050688
1218629153588744195
1218629029433167889
1218625022660616192
1218624160290824192
1218616684728201218
1218616509699850247
1218613724350701570
1218612528223223813
1218609819894079494
1218609401738776576
1218607223674490885
1218606275640135680
1218604178400063490
1218597984004382727
1218591242528882688
1218589894408384512
1218589825898401794
1218589769183178752
1218589557576347649
1218588204326117376
1218588144762785797
1218586822294605825
1218584614429757440
1218582463007641600
1218573967180599296
1218570465335238657
1218563854961123333
1218563381164216321
1218560258261516288
1218558500852453376
1218557027418615812
1218555396144672776
1218553391246467077
1218551388743008257
1218549791900295174
1218546026686095360
1218544121490690055
1218543092892160000
1218541997105000448
1218540187631923201
1218540142106959878
1218539602308476929
1218539573074124800
1218537112904929280
1218535090814423043
1218534523379638272
1218534155006435328
1218531423835099138
1218530966806896641
1218530936800923648
1218526170322538498
1218524109849669637
1218521379613573123
1218521216413249537
1218517632556707841
1218516754093297665
1218515324380696576
1218512816912719877
1218510154511024130
1218509889284296708
1218509200625688578
1218507856544137216
1218498145249787907
1218494360658104320
1218493989885825024
1218493612008386560
1218492721742188544
1218490272008589312
1218489248581636096
1218487429683929088
1218487060870443009
1218486260286853124
1218486244168151040
1218484878687326209
1218483815045324800
1218478443756650497
1218475187781472256
1218474295300628480
1218471855675363328
1218470370866606080
1218468749319249920
1218459779682766848
1218455985884409856
1218453114258382850
1218451858492022787
1218450120510930944
1218449693862252544
1218446085762494464
1218443713527078913
1218443342796685312
1218443088525496320
1218441907451330560
1218441729948422145
1218438443576983552
1218437094789591040
1218436294721921025
1218432510281101312
1218420449840857088
1218420046818697216
1218418102788141057
1218410185594757123
1218405214002274304
1218398926979633152
1218393298743721984
1218381171970711554
1218372037091241984
1218371974558294016
1218366972196532226
1218359221974159362
1218345069339607041
1218333166026526721
1218329388850335744
1218328291934949376
1218323330480164864
1218673437591461894
1218665182186045441
1218659940883144705
1218658409953792000
1218657322895138817
1218657133492875270
1218650204968230912
1218647382352650242
1218644092155985920
1218641755001761794
1218638121014874112
1218633783068545024
1218630819008434177
1218628957567954950
1218628580453834753
1218624013909491712
1218622356723204098
1218620753244979203
1218617701461123074
1218615618318086146
1218611295580315648
1218604128080932865
1218603803924144128
1218594061835276288
1218593656413667328
1218593513610391553
1218589591197945858
1218582221046657024
1218580467215216641
1218579366470275074
1218578029053648896
1218569746511290371
1218564651547578369
1218561338710155265
1218555417619501056
1218548244147589120
1218545421393580032
1218530694743429120
1218524233426460673
1218514371929890817
1218509270490152961
1218503693160656896
1218503461924409344
1218502906946707456
1218499551205699584
1218492466527133696
1218492244577214467
1218490983782002689
1218490438119776256
1218489203169857536
1218477034390859777
1218455615489572864
1218454893922541568
1218454270225371137
1218442657070010368
1218438833555038208
1218436907417382913
1218435800775503874
1218433641455460352
1218416660505419777
1218395704114196481
1218382260170305536
1218380499200233472
1218377613346996224
1218372604676972544
1218360338867015680
1218354071377190914
1218340464987901953
1218338640599961600
1218671840383598592
1218579506983768064
1218539083754016770
1218496193216569345
1218680985182666752
1218672519353421831
1218672312372940801
1218671702466617346
1218671005071265792
1218668264663998465
1218649058249711616
1218635998676037632
1218631913713348608
1218612850169729026
1218600362476818432
1218592007737749504
1218585151871033344
1218577098136223747
1218574356374343680
1218574254947610624
1218572266939789317
1218560511937134594
1218560461647622152
1218554892257841152
1218553284228780033
1218547400031248385
1218545846259798018
1218545749354536961
1218544024178581504
1218542908988588032
1218539596788781056
1218539006956273664
1218535271580520449
1218532301052809217
1218530431739539457
1218522551762280448
1218519675920900096
1218513103719141376
1218509129993654272
1218505000902631424
1218504761290264576
1218504696857534466
1218500780618944512
1218500253978066944
1218496786110865408
1218496438721642497
1218494580594761728
1218491024760242177
1218489268072525824
1218482679169024005
1218443658774700032
1218415837608120321
1218397708769288192
1218394990348591104
1218393653934272513
1218339384350707712
1218325401774280704
1218679655676465157
1218666476187652096
1218653765500317696
1218634334124544000
1218629357679280128
1218626343979581442
1218610689306169344
1218603122123251713
1218594407999508480
1218591149927038976
1218585017531731969
1218560447579938817
1218542103845834760
1218536922840215553
1218536302121013248
1218536118305599491
1218533520345305088
1218522022902411265
1218514536895934466
1218506761608552449
1218500093923512322
1218499973513469953
1218491704375947264
1218457112080240641
1218428805943042048
1218346371050352642
1218607679679143936
1218682773298393091
1218679361160798208
1218679191081713664
1218678861833146370
1218671894834163712
1218670520012562432
1218669027305848833
1218668752260292608
1218661611608522752
1218653326427947012
1218646294018842624
1218645487684853763
1218643088991715328
1218642830756806656
1218638056846168064
1218630857021448193
1218615153752707073
1218607696183734274
1218598892901629960
1218595629540290561
1218594024942161920
1218590170477420550
1218588854766260230
1218586896076615681
1218585069683707904
1218577929246007297
1218568093410254849
1218563901719306240
1218562204338925569
1218554263665856513
1218553525892009986
1218545888622149633
1218541525782728705
1218538472765579264
1218538210088882177
1218534109057880065
1218532305523879936
1218525312025288705
1218521097634832384
1218512021454491652
1218507690135126016
1218505396933087238
1218503795992416257
1218503321763426305
1218500416167694342
1218494867132821504
1218487911110279168
1218485758497116162
1218483569963782146
1218483485041745920
1218482293867720704
1218479880892907521
1218474145261989889
1218468634571485187
1218463217569161216
1218462863112769537
1218439568170672128
1218427067718610944
1218425477808951297
1218422800953810944
1218417583323590657
1218415507289903105
1218413801453891584
1218406204474634241
1218391229093830657
1218380853606219776
1218368058215059458
1218350818782519298
1218343577534812160
1218324485281021952
1218666946834595840
1218656586530533378
1218653045539639299
1218649045771735053
1218619279530254336
1218541470032060422
1218540555107536901
1218540427013390336
1218540231751884802
1218447346901667840
1218364959182282752
1218343427781337088
