id
1218301925353041920
1218271771717177344
1218261711523893248
1218258653557424128
1218251039268392961
1218249903157260288
1218242370145325056
1218241557901475842
1218241556450287616
1218241372790063105
1218319053426712582
1218307269475082240
1218306766993227777
1218301804083105808
1218298751422541824
1218298732757819392
1218297292391878657
1218293460370722816
1218291942242639872
1218290970812461058
1218287215161245697
1218286632735997952
1218282057337536515
1218281841335160837
1218276811211034624
1218274433191874560
1218273033481121792
1218272793307029505
1218266113877868546
1218265583290060800
1218265310534471682
1218263765063544832
1218263729378295814
1218263682439876609
1218258100966371328
1218257406959984647
1218254799864500225
1218251238829109249
1218250384059166720
1218247938360647680
1218246611169677312
1218246610267729920
1218246609194180611
1218241591653163017
1218240197458087943
1218239295946809344
1218236543028080645
1218234421964353537
1218233372088111105
1218231511113256961
1218230390223261697
1218230270719078402
1218222572254396416
1218216414986887171
1218215527442780160
1218214985911996416
1218213542119329793
1218212721226919936
1218210226903621636
1218209783146336256
1218209541277601793
1218209300633571328
1218208935880089605
1218208861116649474
1218207831775744000
1218206014698377217
1218204067555676160
1218203992678858752
1218201314720722944
1218201311868530688
1218197871666847746
1218196532903759872
1218196294570823692
1218193804961906690
1218190872300400644
1218190398574776320
1218189904343130113
1218188777472036864
1218187481755148291
1218186212583800832
1218186211950379008
1218185244639203328
1218183496881070081
1218183128579219456
1218181811471253504
1218181065438834688
1218180468111290369
1218179770535620611
1218178678707847168
1218178662475935744
1218178661553201152
1218178429524291584
1218178035163099138
1218172295899906048
1218171117166301186
1218171113685114882
1218170138857496577
1218169938013278210
1218169288307113984
1218168595319967744
1218161614744145922
1218159787487059968
1218159787214458882
1218156807144853504
1218156014907875329
1218153888395800576
1218148462895628289
1218147172509679622
1218145842454024193
1218145611096166401
1218144619562766336
1218143429588180993
1218142146701799424
1218141500674125824
1218140912733184005
1218139543100063744
1218139479111872512
1218135370631729152
1218133542896574465
1218133473707405312
1218133364248629248
1218125814371246081
1218125475245182976
1218123959574716416
1218123690791055360
1218123338461122561
1218123233385467905
1218123164716171264
1218121628703502337
1218121197789073409
1218119521937977345
1218118263491715073
1218117388073234432
1218115545612128261
1218113401966202880
1218113302342983681
1218113133375565824
1218110983274684416
1218110877838249985
1218110714771951616
1218109335072538629
1218109111554007040
1218109012509630465
1218108253113999361
1218108197149474816
1218107739328696320
1218106125767315456
1218105132703010816
1218103918363848706
1218103453043523585
1218103164030705664
1218100906476163073
1218100203661807617
1218098254090506240
1218098239511109633
1218098078789574656
1218097815722889217
1218096905303085057
1218091288786100225
1218088206165585925
1218088064595066882
1218087732012093441
1218085503636996096
1218084225708187648
1218082276413710339
1218081276432920576
1218080514763943937
1218079719293194240
1218078835578671104
1218076326357295104
1218075481716609024
1218074629123735553
1218073160890900485
1218073157858398208
1218070465694126080
1218069190202077186
1218068149876285440
1218066429561524225
1218065415965831168
1218064979275980800
1218062969847918593
1218061120134688768
1218056870356815873
1218056579045564416
1218052957733892096
1218048862893543426
1218042766011355138
1218038673809334272
1218036977779404800
1218035216586956800
1218031334221807617
1218022860813414400
1218020147065081856
1218012568066777088
1218011650571112449
1218009702099046400
1218008515089924096
1218005963489337344
1218005055330082816
1217999833606131713
1217997467741900800
1217997295070994432
1217993692675481601
1217993106525650947
1217990840942985216
1217982932306026502
1217978593491337217
1217970472073166849
1217968592773402624
1217967268749029377
1217965895877910528
1217961679054614528
1218301237399080961
1218299486344286209
1218299457495695360
1218295989049724928
1218285717828272128
1218280361756712968
1218269259538714624
1218264449427087368
1218263139231453191
1218260837330276352
1218260544265826306
1218247586047496197
1218245179947175937
1218237747590324225
1218235463007383552
1218232337730850817
1218224272570822657
1218215152132206592
1218213893857824768
1218212635583246336
1218211377225048068
1218210119252504577
1218208862303485952
1218207602296811520
1218199962976235523
1218193805045915649
1218190460419743750
1218186213678403584
1218185257771503617
1218172389772664832
1218166953858207744
1218163741545639936
1218157510248583168
1218157426618392577
1218157382917935107
1218154777336520704
1218148524782694400
1218148462576844803
1218143429500329984
1218140914217967616
1218139654618140673
1218137623979536385
1218137137914294273
1218134621541396480
1218133364101640192
1218132104946638850
1218079742395584513
1218076775756062720
1218073738857603072
1218065416569778177
1218062835600760833
1218059409818939393
1218057866440871936
1218050316383338502
1218047207523471361
1218046561155940352
1218043404422123520
1218042865437302785
1218042532032065537
1218035216809373697
1218020153864093696
1218020117356916736
1218017080886333442
1217968570094800896
1218251392185401346
1218239076937216003
1218235986108469258
1218235555709968386
1218235185801678848
1218234437286219789
1218232713364328448
1218221113404203009
1218218093136224256
1218214255704457217
1218202334863319041
1218195902990626816
1218189804871004160
1218187622184554499
1218184441358692352
1218182436754010113
1218181197362335745
1218162844916764672
1218143429491773442
1218142045279309824
1218134893760303105
1218132788341354496
1218132026685083648
1218116591545716736
1218104209901604864
1218088840814104577
1218086840424488961
1218085558423105536
1218083431847952384
1218083279829655553
1218065646799507456
1218059703873392640
1218059112090685441
1218054105853321217
1218051086428360706
1218015863271501825
1218006437848330241
1217971929824550914
1217964896798769155
1218276911375364096
1218247568779628544
1218229564322861056
1218199144088657926
1218189120369037314
1218184178556162052
1218122655464857602
1218069045288865792
1218057179611254784
1218273475640614913
1218242325312364545
1218241559298265090
1218216414923771905
1218201505431355392
1218199167480320002
1218199136614473734
1218160491287269382
1218321975136808960
1218321964890296320
1218321212239163396
1218320739377590273
1218320716451524608
1218320596855087104
1218320367661522945
1218320365396615169
1218320361386905601
1218320193929302016
1218320106121547777
1218319761437794304
1218319297736531968
1218319075639799810
1218318728938643456
1218318434926243842
1218318318467194880
1218318307511668737
1218318119007064066
1218318105698541568
1218317977684185089
1218317924064268288
1218317601195032576
1218316971927842819
1218316881569947648
1218316300927238145
1218316229607227393
1218315106691567617
1218314978182270977
1218314517010112514
1218314004633997314
1218313854532407297
1218313606221172737
1218313138732441600
1218312881357324294
1218312057944182784
1218311675314679810
1218311470842368000
1218311306039713799
1218310891734814722
1218310811397042176
1218310437667844096
1218310212752412672
1218310098533191685
1218309734702383104
1218309519517851648
1218309043003056134
1218308979618611201
1218308755491905538
1218308688437485570
1218308602496258048
1218308234378981381
1218308129181650949
1218307724175462400
1218307505731796992
1218307259123585024
1218306956760436736
1218306828066574342
1218306570884390915
1218306277673242624
1218305768891539456
1218305710284574722
1218305349670916096
1218305283153367040
1218305095470895105
1218305071089438720
1218304867296579586
1218304634495864834
1218304618914074624
1218304546096717824
1218304453650022400
1218304080520667138
1218303722872344577
1218303583696965635
1218303536913616896
1218303221493653504
1218302758442369025
1218302471270993925
1218302182203822081
1218302153837764614
1218302110460047360
1218302090549911552
1218301752463831041
1218301371746803714
1218301368714309643
1218301346547478531
1218301294793908224
1218300896574091271
1218300580747149312
1218299605567275008
1218299298850463744
1218299285298655236
1218299263551180800
1218299224309346304
1218299077420638210
1218298689812357123
1218298643356188675
1218298277424238592
1218298053972627456
1218297701693116416
1218297602313203712
1218297573804576769
1218297512425029634
1218297457026703360
1218297334452408320
1218297158060953604
1218297043841581067
1218296794909683712
1218296713427017730
1218296371662524416
1218296247989284864
1218296229471444993
1218296140547993600
1218296118167007232
1218296078828785667
1218295793964257281
1218295691170271233
1218295414237122561
1218295268086636545
1218295245936439297
1218294993372229634
1218294985633730561
1218294966352519175
1218294525728370690
1218294508376526848
1218294504295477248
1218294379326033920
1218294311176953859
1218294311021957120
1218294168243646464
1218294163529138177
1218294035242196994
1218293986361667584
1218293984646352897
1218293698284355585
1218293620530405377
1218293601249218560
1218292900020342787
1218292687285227520
1218292618196594688
1218292560457883649
1218292500848398336
1218292432170778624
1218292086874742784
1218292019317166080
1218291960844312576
1218291809530667014
1218291776760565761
1218291724180738049
1218291673555460099
1218291654160998400
1218291642500812802
1218291500985061377
1218291404583010305
1218291307313016832
1218291181949464577
1218291081797939200
1218290964097372166
1218290948620345344
1218290731539931136
1218290573993484288
1218290235601231880
1218290210125090817
1218290146166132737
1218289977592885248
1218289905568186368
1218289751419125760
1218289474192449537
1218288841213272064
1218288740176666624
1218288482847805440
1218288415378149377
1218288359958831104
1218288184175411201
1218288121881812998
1218288085630431233
1218288063673241601
1218287633467494400
1218287582062301185
1218287529289490434
1218287318706151431
1218287305246547969
1218287296350474247
1218287269867552769
1218287184438071296
1218287121368264705
1218287091618078722
1218287077529473024
1218286903465795586
1218286850806362119
1218286844267376640
1218286742886932481
1218286692349685760
1218286556479442947
1218286438296571907
1218286316716273665
1218286109119172608
1218286001396822016
1218285906207133696
1218285836279652357
1218285440920444928
1218285054536880128
1218285046638968832
1218284929940934658
1218284924031160320
1218284748717592576
1218284721723138050
1218284621927940097
1218284584724500480
1218284451509231617
1218284406810517504
1218284391694327814
1218284381556682752
1218284357892227072
1218284193660186625
1218284125351600129
1218284119177728000
1218284096608227328
1218283984427372550
1218283932401258497
1218283927342911489
1218283495950311424
1218283262503682051
1218283231096791040
1218283230715088896
1218283229637115904
1218283142496366592
1218282995217588230
1218282963978215425
1218282757262139394
1218282725414789120
1218282238778970115
1218282217614577665
1218281922004234241
1218281645524029441
1218281410198491139
1218281403693129731
1218281302731960330
1218281297199628288
1218281222998315010
1218281033176616960
1218280756595785730
1218280741584412672
1218280423870038017
1218280347970035715
1218280346027986944
1218280185591738368
1218280148904136705
1218279963180163072
1218279598502432768
1218279208843083776
1218279116073570305
1218279103565975552
1218279086050529280
1218278765173841921
1218278713831370752
1218278600845275136
1218278473220984833
1218278330962718726
1218278034991722497
1218278021649571845
1218277711803768833
1218277704983883786
1218277658016059392
1218277513325170696
1218277274673451009
1218277245552340992
1218277232784953346
1218277205387698176
1218277044846563328
1218277027695996928
1218276686267142145
1218276663026487297
1218276648870719489
1218276490749583360
1218276474387685377
1218276076398567424
1218275847456600064
1218275550139015168
1218275543411515392
1218275240565989378
1218275062383550465
1218275045027598336
1218274945924583426
1218274682228682754
1218274578016931841
1218274329508687874
1218274282763182080
1218274254208348160
1218274139733098496
1218274052760047616
1218273958623154176
1218273944547053574
1218273936489832450
1218273849990615041
1218273782332383233
1218273749700632583
1218273474868891649
1218273442300076034
1218273159855706112
1218272980347826176
1218272948416663553
1218272905211060226
1218272883874717698
1218272818225348609
1218272778295685121
1218272583373787137
1218272486795698176
1218272231203254273
1218271883319267329
1218271816222937089
1218271787743662081
1218271656700977152
1218271575822229516
1218271550249422850
1218271455261138944
1218271301548331008
1218271265540145153
1218271152709259266
1218271072317067266
1218271018319523840
1218270977336971265
1218270930876739584
1218270869346246656
1218270808528822272
1218270707035054081
1218269942300266497
1218269908234133506
1218269799987523586
1218269776260354049
1218269753581752320
1218269709826711554
1218269544470454273
1218269248826552320
1218269173433978885
1218268999361974274
1218268731031392258
1218268554010775553
1218268078343180288
1218268008331780098
1218267450288099329
1218267431359123457
1218267412895805440
1218267364451549192
1218266962423373824
1218266861055479812
1218266641240403977
1218266503293915137
1218266423581122560
1218266396196589568
1218266292076957696
1218266273383096320
1218266267301400576
1218266049856122881
1218265543318409218
1218265533705003014
1218265481347465219
1218265403958484997
1218265394537996290
1218265005768036352
1218264968539275264
1218264923911880704
1218264786640785408
1218264765635624962
1218264621855006722
1218264444796592128
1218264395035348992
1218264106656063488
1218264077795037185
1218263906206076929
1218263864854437888
1218263778808279042
1218263734289862660
1218263519759609857
1218263271691767811
1218263159808675840
1218263110466883587
1218263084055322625
1218262844241780738
1218262809181675520
1218262371803725826
1218262360508506113
1218262344154873856
1218262199334031361
1218262122561449985
1218261984711409664
1218261984560500737
1218261802447851520
1218261709703589888
1218261296312918016
1218261258480365570
1218261235478749184
1218261231024459777
1218260911816880128
1218260759429271552
1218260545410928640
1218260070921900032
1218260019528925184
1218260015687045121
1218259975270694913
1218259868341231616
1218259830848282625
1218259649650208768
1218259568888832000
1218259522453745669
1218259112653443073
1218258420610011136
1218258300069928960
1218258267731898369
1218258238711517184
1218257744542736385
1218257653333295104
1218257525503598592
1218257300630142977
1218257241423470593
1218257212721762305
1218256980067995651
1218256769018990592
1218256756985540608
1218256666497556492
1218256627662512133
1218256472284504068
1218256421562744832
1218256315576999936
1218255966459875328
1218255918841856006
1218255562015674370
1218255472215633921
1218255310969851904
1218255268422864896
1218255204489015299
1218255116433793025
1218255040621707264
1218254985147928576
1218254931607654400
1218254864649682944
1218254675356594182
1218254525057785856
1218254442136592389
1218254365494063105
1218254340495986690
1218254189253529600
1218253909027934209
1218253694254419969
1218253662851649536
1218253610276003843
1218253557151019009
1218253202832994304
1218252981507887104
1218252907377844224
1218252797465985024
1218252735038083074
1218252458411134976
1218252335467634689
1218252322213703682
1218251729113878529
1218251646544875523
1218251610654216194
1218251344261328897
1218251290700058627
1218251153147940864
1218250953482260480
1218250542343913472
1218250497158713345
1218250480058499072
1218250415004954624
1218249935386304514
1218249922857840641
1218249870567407622
1218249863848255490
1218249729525649408
1218249639692062722
1218249509349871622
1218249418476019713
1218249193434894336
1218249071502221313
1218249053630279681
1218249013360721927
1218248861245956098
1218248846159089664
1218248671332118534
1218248454016618496
1218248325247504385
1218248212953346048
1218248169882103810
1218247994329485317
1218247953292431361
1218247762980089857
1218247739450019842
1218247419684708352
1218247340605263874
1218247231935041538
1218247113559154688
1218246761447415809
1218246718862643200
1218246702957768705
1218246559227424769
1218246477723701248
1218246409406861313
1218246211066585094
1218246167173259264
1218246094011977729
1218246085673717762
1218246076907630592
1218245484592226310
1218245405764476933
1218245141250613254
1218245130001571841
1218245114130288640
1218244939018121216
1218244702560030722
1218244484166770688
1218244406924468224
1218243948373794817
1218243704210759683
1218243457657032705
1218243282821689345
1218243207131205632
1218243094128275456
1218242962980732929
1218242834580434944
1218242781849833474
1218242729160908800
1218242722039050240
1218242407659200518
1218242197960777731
1218242000576708609
1218241941525225473
1218241798591668225
1218241765490204673
1218241560837533697
1218241471205167104
1218241467002642432
1218241360781828097
1218241331488796673
1218241296525156352
1218241075082604544
1218241025032032259
1218241020959379456
1218240977841901568
1218240804680085504
1218240773486977026
1218240396028993536
1218240331319271424
1218240291632828418
1218240035356659714
1218239765943848960
1218239683538366464
1218239661354684416
1218239567800815616
1218239562419523584
1218239493867737089
1218239462985084928
1218239448858681345
1218239264661680128
1218239113624727552
1218239107496927232
1218239060013043712
1218239018158170114
1218238957181460482
1218238932443373568
1218238780571897856
1218238714280890371
1218238693435047936
1218238632596856832
1218238476841340928
1218238465772544000
1218238415390564352
1218238379386642432
1218238299141296128
1218238058421784576
1218237669551017984
1218237609727709184
1218237543424188417
1218237284102889473
1218237235327381506
1218237178968526850
1218237102862884869
1218237041852416000
1218236967663611910
1218236708610887681
1218236635806142466
1218236502938988544
1218236291470495745
1218236269714726917
1218236154505580544
1218236121609658369
1218236018077437955
1218235987014430724
1218235894269992960
1218235822857773057
1218235776800083972
1218235409869787137
1218235391746215936
1218235362725826565
1218235316856926209
1218235237815046144
1218235195335245827
1218234865570713601
1218234787367923714
1218234419124764672
1218234404021121025
1218234393493458946
1218234324614615040
1218234140119662593
1218234119945146368
1218234043583602690
1218233802079657984
1218233697591332866
1218233205473628162
1218232491657584642
1218232465816465408
1218232455280328704
1218231792379080705
1218231790097379328
1218231666201833472
1218231284687872000
1218231284075581440
1218231247916425217
1218231209370800128
1218231018655645696
1218230964696100864
1218230844873039872
1218230662970462208
1218230598994735105
1218230519260942337
1218229986831847426
1218229962269958144
1218229401306980353
1218229244872011776
1218229192401260547
1218229149841678336
1218229136394768385
1218229064646959104
1218228990491660289
1218228824288190468
1218228805128593408
1218228751474888704
1218228696391307266
1218228607820144640
1218228582549524483
1218228546214268934
1218228133704470534
1218228119087321089
1218227985259606017
1218227849850695681
1218227829680328707
1218227751947329539
1218226647545057281
1218226344393347072
1218226295563223040
1218226292870520832
1218226206300045314
1218225737385365504
1218225698604630016
1218225646654185473
1218225600780877824
1218225272211869697
1218225250229538816
1218225187490975744
1218225136635084800
1218224901292576768
1218224786188513280
1218224681586692097
1218224371598270464
1218224318422888448
1218224107940171778
1218224044979511296
1218223958144815105
1218223897692254209
1218223855598231552
1218223793300176901
1218223495978668035
1218222831194005505
1218222792140828673
1218222754077593607
1218222739066101761
1218222589287587841
1218222238442446848
1218222079427956736
1218221601755283456
1218221558235324416
1218220642140676096
1218220589032333314
1218220429367742464
1218220378096652289
1218219974080286721
1218219968048914433
1218219882191499264
1218219682727108610
1218219401494892545
1218219342950752264
1218219270351605762
1218219016659120128
1218218774068895746
1218218499077738496
1218218441708011521
1218218375014502402
1218218283293401088
1218218251953561600
1218218131644190721
1218218124241178624
1218218079852933120
1218218032440410113
1218217920213352448
1218217670631477248
1218217660627980290
1218217473201385472
1218217430037692417
1218217197216182272
1218217174952706050
1218217137426309120
1218217070342672384
1218216854189223936
1218216766645719040
1218216626237116416
1218216537254977536
1218216535669575683
1218216506372382720
1218216456208424961
1218216411404763136
1218216277447270400
1218216219070861312
1218216171029311490
1218216056659107840
1218216051550322690
1218216030310469639
1218216016251060224
1218215833685630980
1218215644329586688
1218215640206626816
1218215262752821250
1218215090698190848
1218214914004787200
1218214815396696065
1218214701500334080
1218214642599845893
1218214334960005120
1218214263925268488
1218214009167646722
1218213979685900294
1218213817441771521
1218213723229257728
1218213695911755776
1218213262074032128
1218213123187974149
1218213030003191810
1218212957479489540
1218212848494686208
1218212676104609792
1218212426480570368
1218212367059881984
1218212352031690758
1218212129146314760
1218211998900596736
1218211821569572864
1218211758487240704
1218211686638854144
1218211603197431808
1218211434154418178
1218211377220923397
1218211103798386688
1218211079660154880
1218211078305460226
1218211014145200130
1218210996222943232
1218210669969006592
1218210567783174147
1218210540570521600
1218210443208089600
1218210366355800064
1218210291453956101
1218210023031083008
1218209855766454274
1218209570717413376
1218209332422152193
1218209324377542657
1218209307344371712
1218209294300143616
1218209218504937472
1218209199513010176
1218209089697779714
1218208945480851461
1218208914237423617
1218208860445429760
1218208860403531781
1218208821937500160
1218208741667102721
1218208675405467649
1218208523072479232
1218208495750660096
1218207992622878720
1218207881281114114
1218207787496476673
1218207744148353024
1218207651806556160
1218207583825166338
1218207547599085568
1218207473867337728
1218207331483295745
1218207271953539072
1218207219973529601
1218207184624005122
1218207117200494600
1218207100440018944
1218207055678492672
1218206959310135297
1218206829735555074
1218206312565215233
1218206289182019585
1218205880333848576
1218205838315225093
1218205780190605320
1218205432860332034
1218205424266235904
1218205272692396032
1218205086062645250
1218205015514501120
1218204791282765827
1218204691085045766
1218204499254370311
1218204140008099840
1218204020159995904
1218203936596938758
1218203895647952897
1218203877792735234
1218203870243016704
1218203853771943936
1218203798830768131
1218203783827582976
1218203748167757824
1218203085841031168
1218202952860651521
1218202570314993665
1218202310377201664
1218202087437279232
1218202024648617986
1218202013235740672
1218201976770637824
1218201895711526912
1218201728010592256
1218201163071479809
1218200871844139009
1218200661726244864
1218200654663036928
1218200610681622530
1218200456062799875
1218200394771390465
1218200335325462528
1218200158338371589
1218200071767982080
1218199835083526149
1218199206327963657
1218199159867682819
1218199127051337729
1218198561805996032
1218198392679084035
1218198314304311296
1218198158020399106
1218198067754754050
1218198032115798016
1218197942617739264
1218197932136108043
1218197250977017857
1218197077102137348
1218196890199740418
1218196861716176897
1218196840849530881
1218196725837520902
1218196631755116546
1218196525513367553
1218196503149203456
1218196231463174145
1218196130015645699
1218196091520372736
1218195550832594944
1218195531048026113
1218195447975751680
1218195401389543424
1218194874534703104
1218194581625458688
1218194374284185600
1218193858695254017
1218193784590209025
1218193248998625280
1218192950762647552
1218192900909096960
1218192812417716224
1218192554560192512
1218192144747376641
1218192087524478977
1218191879889653760
1218191868594401285
1218191841146949633
1218191723685347329
1218191657130254336
1218191556236251137
1218191291982413825
1218191150298910722
1218191144175177728
1218190909206093826
1218190736111423489
1218190730960785409
1218190628057731072
1218190428987699201
1218190015974559745
1218189981480628225
1218189932654682114
1218189916821164033
1218189789595414530
1218189525077262338
1218189445142405120
1218189385440616456
1218188808342163458
1218188571896578048
1218188532931534848
1218188450949738496
1218188397791059968
1218188024099540992
1218187564705832962
1218187523308097536
1218187411081121794
1218187181069623296
1218186977293623296
1218186224516681728
1218186221970739200
1218185866318839808
1218185678003019777
1218185175902957569
1218185050631680000
1218184759773487105
1218184592902979587
1218184535306797058
1218184172298276869
1218184094913306625
1218184076240334851
1218183453826539522
1218183011373547520
1218182739716907011
1218182158239617025
1218181986822557708
1218181750767214593
1218181442615894017
1218181046400929800
1218180767517421568
1218180744012599298
1218180640304246789
1218180430198988801
1218180155195187200
1218180000605724672
1218179883437785100
1218179545850880000
1218179509280702465
1218179502418857985
1218178810966953986
1218178726111989762
1218178293477912578
1218178064124907529
1218177954666164224
1218177909908819968
1218177879424610305
1218177269082021889
1218177050382622720
1218177026575798276
1218176919667138560
1218176862960201728
1218176680088494081
1218176595950821376
1218176231687979008
1218176204022435841
1218176146971353089
1218175698604646401
1218175507537321985
1218175478567178241
1218175305996808192
1218175054841892865
1218174913279930374
1218174889674395649
1218174864244314113
1218174854932856833
1218174570454142981
1218174422521208833
1218174334918963200
1218174217671380993
1218174108082626565
1218173997654867974
1218173649993203717
1218173593932247041
1218173464105930752
1218173328030158849
1218173232970391552
1218173026560290816
1218172914979221505
1218172298169147394
1218172279986716674
1218172002697129985
1218171643605999616
1218171626283589634
1218171507043717121
1218171297806585856
1218171253657346051
1218171244639674370
1218171060513902595
1218170872684597248
1218170769533886464
1218170627368071169
1218170567737692161
1218170566605262849
1218170503053168641
1218170326292553729
1218170212652142592
1218169623658582016
1218169610089922561
1218169465017446400
1218169390367170561
1218169220866945032
1218169109873119232
1218168622163595264
1218168518849564674
1218168425077452802
1218168147066478592
1218168032339668992
1218168024706035712
1218167986458189824
1218167965083934720
1218167859240751104
1218167809315831809
1218167755662405634
1218167721084510208
1218167683180613632
1218167528024891392
1218167486459404288
1218167474396463105
1218167359103520768
1218167060905242626
1218166467784577024
1218166453200982016
1218165971208364032
1218165747878387712
1218165146885017601
1218165095856889858
1218164956069277699
1218164870165692416
1218164704906031104
1218164697985441793
1218164491495575552
1218164186745921536
1218164152700669952
1218163940686991360
1218163648834744322
1218163578726965249
1218163578424958976
1218163274010845184
1218163141810556928
1218163009853456387
1218162888990310400
1218162885924474882
1218162814231154689
1218162420209930240
1218162165120753664
1218162134900715522
1218162022887624705
1218161893673709570
1218161811272478721
1218161706154778624
1218161624542076928
1218161471827468289
1218161435437486080
1218161029911384064
1218160599718408192
1218160477861228545
1218160451890053120
1218160448123691009
1218160335372324865
1218160333354745858
1218160286122893312
1218159930122870784
1218159906571857920
1218159885097095168
1218159851228008449
1218159827131695107
1218159787461890048
1218159787109756928
1218159708747390983
1218159543122722817
1218159351443197952
1218159285944963072
1218158879349071873
1218158623421059073
1218158563203473415
1218158350174736384
1218158208524652546
1218158153168236544
1218157729602207745
1218157629069058049
1218157526635728896
1218157507983618048
1218157437762654208
1218157429940215809
1218157194102951936
1218157187136131074
1218157172179308544
1218157165208309761
1218157080357539840
1218156978507276288
1218156969191706625
1218156932906790914
1218156853181534209
1218156844549410818
1218156688458633218
1218156409986174976
1218156393343090689
1218156369611829255
1218156367594315776
1218156173800677376
1218156025938939905
1218155968350969856
1218155854245122049
1218155654403239937
1218155550271328256
1218155142995947521
1218155036854845440
1218154900049268736
1218154864338972673
1218154272690302977
1218154222354563072
1218154107304845314
1218153897627471874
1218153781650694146
1218153672640778240
1218153647323930624
1218153624301338624
1218153034011873280
1218152994216214528
1218152667471646720
1218152397551390720
1218152373878652928
1218152237630926849
1218152102532390912
1218151669181100032
1218151550461325314
1218151527631769601
1218151502457573377
1218151439261937664
1218151415065010176
1218151385079930885
1218151205693730816
1218150327758790656
1218150226571276293
1218149683408920576
1218149638009708544
1218149574893867008
1218149317447495683
1218149073745776641
1218149059199934464
1218148988735631360
1218148788847763456
1218148534630977536
1218148529207697409
1218148171840393216
1218147972594139139
1218147426223050752
1218146993744289792
1218146891994673152
1218146836675993600
1218146586901065728
1218146351525126145
1218146337771982849
1218146128744583169
1218146107986972677
1218146037954682881
1218145931767533568
1218145673650036736
1218145566795976704
1218145548634664965
1218145347047952385
1218145058425384962
1218144491263143939
1218144384895660033
1218144323029483521
1218143961476403202
1218143915733409792
1218143628847190017
1218143540884262913
1218143117733396480
1218142807979962368
1218142802741288962
1218142058021519360
1218141798478028801
1218141783626067968
1218141741070667780
1218141498715316226
1218141478272274433
1218141462895919104
1218141379852894208
1218141193986617344
1218141112826834944
1218140995247845376
1218140959428489216
1218140758055714816
1218140309491798016
1218140084488298504
1218140078024855560
1218140058122887169
1218139764374867968
1218139592324456448
1218139581436039168
1218139222101590016
1218139165432348678
1218138488740204544
1218138168073052160
1218138102692286464
1218138044286611457
1218138022753001473
1218137982206562304
1218137927479431168
1218137905131966464
1218137867148582917
1218137778858418178
1218137709329502208
1218137701385457665
1218137609500872704
1218137558225510408
1218137248698372096
1218137218914582529
1218136708983808002
1218136600858824705
1218136434340777985
1218136050436116480
1218136017921814529
1218135633132228609
1218135456409440256
1218135440072552450
1218135336469114880
1218135295712993280
1218135277039910912
1218134783005528065
1218134174944649216
1218133951035969537
1218133393080291330
1218133240713826306
1218133127710806018
1218132955664670720
1218132931551617024
1218132866703536128
1218132806859030528
1218132772730163200
1218132358223880192
1218131970699485185
1218131921160544256
1218131731972337665
1218131134279831552
1218130850539286528
1218130634528448513
1218130381750382593
1218130234492489733
1218129925460451329
1218129886554083328
1218129849732091904
1218129713601961985
1218129671163990016
1218129593724538881
1218129538409996294
1218129523037753345
1218129278178676736
1218129153792315392
1218129005687312386
1218128988062855169
1218128784496513025
1218128312469524482
1218128275811315712
1218127887485808641
1218127832318140416
1218127737610809344
1218127562947297281
1218127195450880000
1218127185447395328
1218126770693713920
1218126731816599552
1218126636027121664
1218126612572573696
1218126583166328833
1218125816279846912
1218125520270839808
1218125466592251905
1218124948964667392
1218124764709036032
1218124589127159808
1218124215611797505
1218124122066161665
1218123756805197824
1218123314863988736
1218123038853603328
1218122999997575169
1218122937670275072
1218122862462152705
1218122849484972033
1218122725790642176
1218122625618259969
1218122579606691841
1218122542793265154
1218122515018670081
1218122451856564224
1218122150038638593
1218122120733085696
1218121670025609217
1218121529386512384
1218121277153718273
1218120739393613825
1218120517271670785
1218120308294606855
1218120246403518464
1218120157849178112
1218120016035532800
1218119899370926081
1218119480909488133
1218119380950798336
1218119366014898177
1218119105708019712
1218119047704956936
1218118944617324552
1218118908756054016
1218118723246133249
1218118418697740289
1218118307515109376
1218118265488269313
1218118213327904768
1218118133707366400
1218118040719634432
1218117965398388736
1218117601034825728
1218117487574900736
1218117419803271168
1218117305550409734
1218117127305138177
1218117103405977606
1218117052336168960
1218116961948835840
1218116689549807616
1218116664023289856
1218116250632458240
1218116112476528641
1218115987125522432
1218115983040303105
1218115932939280384
1218115812847955970
1218115428553252864
1218114649989820416
1218114514731839488
1218114507769139200
1218114048732073984
1218114038846185473
1218114003865604097
1218113541078732806
1218113534749499392
1218113383901409280
1218113375936425984
1218113329207619584
1218112929461161984
1218112857163870208
1218112823701708800
1218112254513680384
1218112163459555328
1218112109168349184
1218112094727548928
1218112079200161792
1218112008349986818
1218111956168650752
1218111941845180416
1218111836857536512
1218111799175909377
1218111764329615360
1218111716699115521
1218111665071362048
1218111589792014337
1218110928027299840
1218110855801442305
1218110806291886080
1218109894219399168
1218109796353826816
1218109730696179712
1218109587766857728
1218109529243734019
1218109434775384064
1218109343876419590
1218109313610330112
1218109152389664768
1218108827939364864
1218108457250889730
1218108390507012097
1218108375956885505
1218108291290730496
1218107555349745664
1218107471568523265
1218107435413647360
1218107203355365376
1218107108723478528
1218107079858229250
1218106966825787392
1218106412112285696
1218106391841263616
1218106156553580544
1218105657389408256
1218105282108235776
1218105219537608706
1218105159361974272
1218105124217856000
1218104463183032325
1218104257813139457
1218104031555530753
1218103860335726593
1218103772032966656
1218103467358724098
1218103397418708994
1218103335510773760
1218103282306076672
1218103205827096576
1218103173052817408
1218103162428710912
1218103034896580609
1218101483343962112
1218101362204061696
1218101158633529344
1218101140535042048
1218100622278393857
1218100542779592704
1218100435078328321
1218100310402531328
1218100267528474624
1218100259525709825
1218100252269535232
1218099983293067265
1218099889885847552
1218099653012545543
1218099496623669248
1218098706198810626
1218098321635586048
1218098272151064577
1218097442903789573
1218097016179511296
1218096761681649664
1218096680043794432
1218096280167231493
1218096255076851715
1218096175481532417
1218096027305226241
1218095773939838976
1218095666116939777
1218095368921067520
1218095237761028096
1218095236901167105
1218094819442077698
1218094649300176896
1218094424183447552
1218094284458594304
1218094017063411713
1218093782710865921
1218093623704801280
1218093161245036544
1218093024506449920
1218092499299901440
1218092414101004288
1218092407520145409
1218091822762860544
1218091764457885696
1218091649798148097
1218091222641692672
1218090797788278784
1218090786820149248
1218090651100897280
1218090434913763330
1218090312972697600
1218090278063570944
1218089996915265536
1218089937150664705
1218089583390478336
1218089540524630016
1218089313453387776
1218089127645777920
1218088610341232641
1218088588417609729
1218088565445419009
1218088389779566592
1218088281088327681
1218088183323295744
1218088064368762880
1218087988065902592
1218087781290909696
1218087718682529794
1218087655713525760
1218087347386036225
1218087027113152512
1218086828022149120
1218086822498181120
1218086633607782400
1218086593875136514
1218086497028648960
1218086068668551170
1218086016550162432
1218085750610198530
1218085732797046784
1218085676790484993
1218085547920355329
1218085547870126080
1218085266918969345
1218084809974714368
1218084794204086273
1218084631410565121
1218084619158990849
1218084398601527296
1218084389709647873
1218083800841957376
1218083730834804736
1218083640015511552
1218083525930504192
1218083296225251328
1218083141841301504
1218082226895835137
1218081938155675648
1218081936989663232
1218081581774069761
1218081388349534208
1218081372457271296
1218081081607573504
1218081069460791296
1218081014238654464
1218080769043763200
1218080633110638593
1218080506845237249
1218079656898973696
1218079650255122434
1218079490691227648
1218079142413000704
1218079125040173056
1218078949781254147
1218078729987153920
1218078695971344384
1218078602073378816
1218078059812749312
1218077036691980288
1218076998238638080
1218076985785823234
1218076751978430465
1218076459186688007
1218076355532926976
1218076077895098369
1218075744854777857
1218075241622179846
1218075222206746624
1218074354375954432
1218074220032294914
1218074091057557505
1218073914720563200
1218073549472178177
1218073309708943360
1218073299839848457
1218073205128269824
1218073046252212224
1218073004229435393
1218072965465559040
1218072949623869440
1218072812205871104
1218071636253036544
1218071416521875457
1218070315684835328
1218069833327222784
1218069622462799873
1218069036485042177
1218068765990117376
1218068678023024640
1218068264724639745
1218068008976949248
1218067034665340930
1218066769342058496
1218065384278020097
1218065333681963008
1218065227922669568
1218065169080819713
1218064967469019136
1218064923806269441
1218064487124799489
1218064234120196097
1218064152201179136
1218064137521188864
1218063354469797889
1218063003100250112
1218062270774829059
1218061924086272001
1218061332035055616
1218061124974907392
1218060714444820481
1218060243936129024
1218060184846770181
1218059497064882177
1218059478677053441
1218059249110130688
1218059102028533760
1218058847245492224
1218058687048298496
1218058438523129856
1218058232176029696
1218058143713898496
1218057807649439744
1218057482322485248
1218057229275926529
1218056890636230657
1218056805546373120
1218056539740811269
1218056351903100930
1218056105198264320
1218055668311166976
1218054649820975106
1218054039696543744
1218053832481087488
1218053693351845889
1218053591522512897
1218053581758259200
1218053574183342080
1218053127963926528
1218053114978361344
1218053107013296128
1218053093595762689
1218053077695193088
1218053056534917120
1218052382115926016
1218052184824258561
1218051513987346432
1218051154355138560
1218050764913987585
1218050747939598336
1218050350646775809
1218049942729764864
1218049691809734658
1218049375890477056
1218049314234216448
1218048701341618177
1218048646157164544
1218048246217674752
1218048225384521728
1218048175405195265
1218048167259910144
1218047741101846528
1218047440563163138
1218047000211599360
1218046516541050880
1218046285850271745
1218046172880916480
1218045825479249921
1218043814549561344
1218043529525628929
1218043481681203200
1218042401773817856
1218041275867418630
1218040879816024066
1218039870196781056
1218039506269392897
1218039492147326976
1218039358592364545
1218038754872414208
1218038319243759616
1218037973909954561
1218037765901897729
1218037741960732672
1218037279001862144
1218037083463454721
1218036751081578496
1218036102633750528
1218036008626860033
1218035895171014656
1218035666057138178
1218032979219505153
1218032376841998336
1218031144924565505
1218030011141234689
1218029159429046272
1218029052386213894
1218028970010083329
1218028424368775168
1218028143547756544
1218027639774109696
1218026903002664961
1218026390634844160
1218026236431290369
1218026164951883778
1218026157989384192
1218025997309751296
1218025714802470918
1218025557889339392
1218025401571655680
1218025071354241024
1218024770463248385
1218024738100076544
1218023999977988099
1218023911096496129
1218023656917536768
1218023580488929280
1218023236266528769
1218022184133722114
1218022030379044864
1218021941082116096
1218021025247420416
1218020388531249159
1218020256926531586
1218020089951326209
1218019813177643009
1218019463884238848
1218019286637334529
1218018164052758529
1218017846896271361
1218017744077148160
1218017643887808512
1218017308595097600
1218017017627906048
1218016873092124672
1218016667734814720
1218015366519062528
1218014848551989248
1218014785704484865
1218013436774428672
1218013100546256897
1218012456255152129
1218011043722645504
1218011030216900609
1218010799744192512
1218010237862580224
1218009895380967425
1218009387824025600
1218008990615068672
1218008803175796741
1218008350400466944
1218007218366214144
1218007139551191043
1218006992398307333
1218006731495825408
1218005523628482561
1218003604587581441
1218003541392089088
1218003238449971201
1218001978799857665
1218001662037708801
1218001617036959744
1218000600232812544
1218000042637844480
1217999682091257859
1217999285544943617
1217998980329676802
1217998791619612672
1217998699130970112
1217997924552126467
1217997874073567237
1217996963704115202
1217996552817475584
1217996486396518401
1217995369788739584
1217994814320521216
1217994699308503040
1217994548753969153
1217994123166220288
1217993784828612610
1217992924497088512
1217992904796405761
1217991851384483872
1217991477449629697
1217990197885001728
1217990043446452224
1217989931475329026
1217989918502400001
1217989843088805889
1217987203441184768
1217987187461050373
1217986485212807170
1217986206966992897
1217986143829909504
1217985974669459461
1217985874211807232
1217985681152258048
1217985473529950211
1217985216335302656
1217984891394166784
1217984814625673217
1217984219026284545
1217983714631847936
1217983680758603777
1217983520712339456
1217983342005641216
1217982345287995399
1217982219467264005
1217981766524461056
1217981412449628160
1217980176270876675
1217980126018916352
1217979882967379968
1217979823185911809
1217979259572170752
1217977399633240064
1217977124650389505
1217976929279774720
1217976720457977858
1217976259550031875
1217974002528014338
1217973961159520257
1217973895715860481
1217973815923310592
1217973681852469248
1217973429732888576
1217973377962561536
1217973318793539584
1217973308597133312
1217973091520983045
1217973026261585921
1217972981483343872
1217972705301082112
1217972682517598208
1217972406071046146
1217972348772634624
1217972070279151616
1217971884362534923
1217971736907538433
1217971710009454592
1217971143077961735
1217971020667084800
1217971002866573313
1217970946834862086
1217970580751863809
1217970158834278401
1217970078827917312
1217970077997457408
1217969103001964544
1217968572099694592
1217968302582042624
1217965724863471616
1217964472201031680
1217964160002273280
1217964036433829890
1217963251050348544
1217962859990339589
1217962733867499521
1217962728851222529
1217962515768008704
1217962379109117952
1217962261307895809
1217962197885710336
1217962027269926913
1217961630786560002
1217961265823395840
1217961137104441349
1217961100081291265
1217961099032768518
1217960924486742016
1217960707997741056
1217960609721061378
1217960060418002944
1218315629024940033
1218315092623810561
1218311286255169536
1218309929582452737
1218309560341082114
1218307174172102656
1218306915488403457
1218304947957194753
1218290258158280704
1218289762487980038
1218286422546944000
1218282669043322881
1218281444449103872
1218280588379131905
1218279050550136834
1218277741281337345
1218273544112611329
1218261740103794689
1218258020083421185
1218255809282564096
1218249203186577408
1218248983858024448
1218242644784099329
1218242113130901504
1218239894394408960
1218239370953732097
1218237523194937344
1218232678597693441
1218232444752711682
1218231406259818502
1218226601059659778
1218224917159739397
1218217276173885440
1218215779285553153
1218213740400783360
1218212634601889792
1218211017445998592
1218210287876300800
1218208362975973378
1218206623136714753
1218204735708241920
1218202605463265286
1218201705092915200
1218198308470108160
1218195737961549824
1218193445178822659
1218191785777926145
1218181464187195392
1218179128043692032
1218172694144987136
1218172501823492097
1218172385997705216
1218168161029296131
1218167342737379328
1218167117763305473
1218165743306657792
1218160707302232064
1218151090320965632
1218149574960996352
1218147798148878336
1218143654436577280
1218141589480099841
1218135724555415553
1218134698771255296
1218130900661260289
1218128721900646407
1218128199244304386
1218127846390009856
1218127492575264769
1218123727507988480
1218118119677485056
1218113222563311617
1218109421907214337
1218107191015739394
1218106530236641280
1218105159898845185
1218101519997980673
1218096949309640704
1218091954761818112
1218087223175929858
1218085861109174272
1218085451799592960
1218084392054272001
1218082670414061573
1218082112143872000
1218077113376542721
1218051710914043904
1218050357689036801
1218049040690098176
1218047260061261824
1218044223729086465
1218031526027366406
1218031510617456640
1218023650672226304
1217999984068456449
1217994534447173633
1217994170767495168
1217991854995705856
1217983741597028352
1217981960427048962
1217978472770961410
1217974417847996417
1217971899025829889
1217971089470644230
1217971048681025537
1217969285517250560
1217965943437041664
1217965021210271749
1217962322179895308
1217961139918843904
1218312576620212225
1218312376338067459
1218309936133918720
1218305398584827904
1218303965357662208
1218295404342792192
1218294166079311875
1218293864873844737
1218290502270955527
1218284108532666368
1218280346988564480
1218272871102976000
1218268593269374978
1218265562775805954
1218264423950929920
1218263837528461312
1218257595280044032
1218257146225340417
1218245576443060224
1218243799882878976
1218238793679020032
1218237427191631877
1218234140581072897
1218226088037494787
1218218937214783488
1218218181820583937
1218217658400825344
1218211628157734912
1218207618856079361
1218201163448889348
1218198701157601282
1218197618695819264
1218187251898888194
1218179937250824193
1218172356042153986
1218151000290349057
1218145805502038017
1218139955135950848
1218130105014374401
1218128625628782593
1218126320485511168
1218125936052273153
1218125673837006848
1218120411587719173
1218120117424476160
1218119109315039233
1218118962090782720
1218118717047001089
1218118008368959489
1218115854652649472
1218110585574952960
1218103055419428864
1218097526303350784
1218093234431221760
1218092194445303808
1218086974814347264
1218076876847140864
1218075283871477761
1218063092153823232
1218050893708394498
1218025075984695296
1218009819015208960
1218002657660542981
1218002626056421376
1217993275388432384
1217988074430398464
1217973537757192194
1218243340656766978
1218075705638031362
1218073789122142208
1218316969222594566
1218314070522302465
1218308203198414850
1218284985796497409
1218253224957837312
1218232929924669440
1218215634783416322
1218194950178975746
1218187051276931072
1218186455367012353
1218172576360476675
1218164955914145793
1218163342302420992
1218160544869384193
1218153633365286917
1218152912888659968
1218120968377446405
1218120095186243585
1218108788802314241
1218090759682973697
1218002930537766913
1218002152674746370
1218001853847351296
1217966000454492160
1217960950407495681
1217960707498696705
1218317992863391745
1218292362952298497
1218284450263511040
1218279555343036417
1218265744015810565
1218254315565076481
1218239389337374725
1218233464543174656
1218226740499288064
1218007060954128387
1217967062955495429
1217962077802856448
1218318541222486016
1218318305506799616
1218304412801798152
1218302906761457666
1218295933122772998
1218291275105034240
1218285150494240768
1218282156914548736
1218278971424608256
1218275649904939009
1218273410905772032
1218267586925858817
1218266314671869952
1218266153073725441
1218266131259064322
1218265534220980226
1218264051438047232
1218263197402255366
1218262244703834113
1218262187447373824
1218262020929265666
1218261915572613120
1218261823318896642
1218261572382052353
1218261477192282112
1218261237240344582
1218261169602990080
1218261084395712514
1218260650050441216
1218260594253598721
1218260272726577152
1218259910963671042
1218259667056545794
1218259535888027648
1218259486722404352
1218259313141133315
1218259296330440705
1218259250075635713
1218259234120445952
1218255049350090757
1218248627539316736
1218242000773943296
1218235852566007808
1218233675541831687
1218226530305921026
1218224265058824192
1218219039077675008
1218214086233726978
1218212096216850434
1218204897914556423
1218201413941104645
1218191087044648961
1218159895804907521
1218149154209267712
1218145470834454528
1218141533754576896
1218131754004779010
1218119132899573760
1218117366229454848
1218108830820769792
1218104630518931457
1218076041853505536
1218074328413110272
1218071255343075328
1218058853444657152
1218057461401366528
1218055270007525381
1218040192520638470
1217991256808329216
1217987341958238209
1217984741921693696
1217983063768080384
1217975652890107904
1218300361456476162
1218295750708334592
1218277518903533568
1218276262193639425
1218243984545538048
1218084578906210305
1218061480987369472
