ID
1255978021556715520
1255978022328557577
1255978022886408193
1255978023775621121
1255978023607771137
1255978026388656134
1255978027265163266
1255978028829679617
1255978028993216519
1255978029404258304
1255978029551095809
1255978029765058562
1255978029794447366
1255978030167732226
1255978030394232838
1255978031203704837
1255978031635738624
1255978032084537345
1255978032722055172
1255978031820275714
1255978033263116289
1255978034059976706
1255978034114506753
1255978034307444737
1255978034793938945
1255978035045634048
1255978035628605440
1255978035746082816
1255978035930677249
1255978036568248320
1255978037180588040
1255978037482598400
1255978038048755714
1255978038237544449
1255978038296219648
1255978038254284800
1255978038736629760
1255978038900273153
1255978039516815361
1255978039755919362
1255978040372461576
1255978040561152003
1255978040674455553
1255978041047756802
1255978041760714757
1255978042234736641
1255978041618173952
1255978043996241920
1255978044646400002
1255978044860313602
1255978046810619906
1255978049578971148
1255978049973215232
1255978049872572427
1255978051101495299
1255978051709648898
1255978051822850048
1255978052414328835
1255978053265616896
1255978053362233347
1255978054209462274
1255978055618756614
1255978056193359872
1255978056382066696
1255978056952565760
1255978057002868740
1255978057594220545
1255978057833291776
1255978058785447943
1255978059511054336
1255978059754287106
1255978062728122370
1255978063759802369
1255978063671820288
1255978064292352005
1255978064833634304
1255978064858755075
1255978066020642818
1255978067882901504
1255978067148845057
1255978068327481344
1255978068201680898
1255978068549787649
1255978068654485504
1255978068776235009
1255978069128613889
1255978069925519362
1255978070869188608
1255978070751789056
1255978070558887936
1255978071628435459
1255978071771025410
1255978071695462405
1255978072425345024
1255978074937659392
1255978075365552128
1255978075516473349
1255978075843592194
1255978075717881858
1255978076875427842
1255978076934221824
1255978077043208193
1255978077152333827
1255978077122891776
1255978077328375817
1255978077991178243
1255978079446597632
1255978080214102021
1255978080688132096
1255978082537783297
1255978082667843585
1255978083422801923
1255978083435401223
1255978083930300416
1255978084232310784
1255978085272432642
1255978085557710851
1255978085175955457
1255978086002294786
1255978086136451072
1255978086300028929
1255978086979514371
1255978087579295749
1255978087617003520
1255978088007073793
1255978089554870273
1255978089580040193
1255978089848410113
1255978090557255684
1255978090683080705
1255978090733412353
1255978091660423169
1255978091819786251
1255978092000169988
1255978093015175175
1255978093166157824
1255978093849784320
1255978094705418242
1255978095124852739
1255978095816908803
1255978095770841088
1255978095619837957
1255978096055984135
1255978096165076992
1255978097595334656
1255978097750482944
1255978098044153864
1255978098505461762
1255978099986042880
1255978100116070400
1255978100233510912
1255978100464156673
1255978100816580613
1255978101512769537
1255978101546328065
1255978101676355593
1255978101865136129
1255978102188056577
1255978104125829125
1255978104465621010
1255978104583053318
1255978105593831424
1255978106113986562
1255978107267399680
1255978107623833601
1255978107812696064
1255978108718628864
1255978109469429771
1255978109662367748
1255978109779705856
1255978109821759489
1255978110014631936
1255978110278938625
1255978110849351680
1255978110777995265
1255978112069906432
1255978112464150530
1255978112136994816
1255978112480927745
1255978112023699456
1255978113290448896
1255978113613418503
1255978114540322818
1255978115316297739
1255978115660120069
1255978116721315841
1255978116788424707
1255978117224517633
1255978118537453569
1255978118701035520
1255978118797500421
1255978119258931202
1255978121947492352
1255978122765381632
1255978122928967682
1255978122945626123
1255978123453255681
1255978123910316032
1255978124774445057
1255978124849922049
1255978125730684930
1255978125869092865
1255978126351511555
1255978126385037314
1255978126582128644
1255978126875807747
1255978127865634817
1255978127962013696
1255978129216200706
1255978129601912834
1255978129392369664
1255978130340184065
1255978130906513409
1255978131543949316
1255978131246256130
1255978131724304386
1255978131913158658
1255978131984449538
1255978132630319104
1255978133569798151
1255978133628608513
1255978133943173120
1255978134417145864
1255978135444754433
1255978136111648776
1255978137126612992
1255978137697103872
1255978137911001091
1255978139001540608
1255978139064426496
1255978141782327298
1255978142088540160
1255978140956065794
1255978142746857472
1255978143116079108
1255978143049043969
1255978143598419972
1255978143967588353
1255978144206553090
1255978144437342208
1255978144571568128
1255978144814764038
1255978144810643464
1255978145439678468
1255978147696087040
1255978147868299270
1255978148799315969
1255978149529169922
1255978149713764354
1255978150162567179
1255978150959464449
1255978151408209920
1255978151504723968
1255978151693426692
1255978153127956482
1255978153580863489
1255978154965024773
1255978155409584129
1255978155535368198
1255978156269416449
1255978156110069761
1255978156449767426
1255978156651089920
1255978156756008965
1255978158509170688
1255978158601486338
1255978158962204675
1255978160312762378
1255978160912568327
1255978161587847174
1255978162623778816
1255978163391401986
1255978164813205504
1255978166159503360
1255978166637772802
1255978167644368902
1255978168076337152
1255978171276632065
1255978171268243458
1255978172203532295
1255978172866351111
1255978173709332481
1255978173956849665
1255978174158180356
1255978174594383878
1255978175349260295
1255978176632819713
1255978176838328320
1255978177127682050
1255978177274527751
1255978177350041601
1255978177740013569
1255978178797068288
1255978179107356672
1255978179791126530
1255978180105523201
1255978180139274240
1255978181405954060
1255978182286684162
1255978182664224773
1255978184291516416
1255978184476147712
1255978184589402112
1255978184241274884
1255978185214304258
1255978185273094144
1255978186824876038
1255978186908803072
1255978187776983045
1255978188053925907
1255978188565594113
1255978188876001281
1255978189177999360
1255978189421248515
1255978189781958658
1255978190570426369
1255978191052845056
1255978191648444423
1255978191837110280
1255978192243953669
1255978192281784320
1255978192931872769
1255978193351311370
1255978194290855939
1255978194303410177
1255978195054137347
1255978195821658113
1255978196442525700
1255978196882817027
1255978196845109250
1255978198099206152
1255978198824898564
1255978199042981888
1255978199294623744
1255978200364089345
1255978200775172096
1255978201567895554
1255978202364891136
1255978202956271617
1255978202742378498
1255978203199520770
1255978204122288137
1255978205061820425
1255978205070143491
1255978206244593666
1255978206219378688
1255978206374572032
1255978206718459909
1255978206898860035
1255978207796436993
1255978211248345089
1255978211353284609
1255978211541954560
1255978212359901186
1255978212401782786
1255978212888363013
1255978213223923718
1255978213253222402
1255978213555216384
1255978213613936640
1255978213756600331
1255978214180167692
1255978215211962368
1255978215530737665
1255978215685922826
1255978215048429576
1255978216239628289
1255978216206012419
1255978215794974720
1255978216474513408
1255978216772243458
1255978216910737409
1255978217225281537
1255978217816670208
1255978218236100608
1255978218634518528
1255978218865246209
1255978219209134081
1255978220119261184
1255978220207382529
1255978220312309765
1255978220408668166
1255978220756840448
1255978220370956288
1255978220853305347
1255978221222400001
1255978221847425025
1255978222015127555
1255978222912749570
1255978223348965381
1255978225471193088
1255978225672638464
1255978226641522694
1255978226901561346
1255978227962712066
1255978228105150464
1255978228453388289
1255978229573304326
1255978229787172877
1255978231066435586
1255978231318171650
1255978231754362881
1255978231724945408
1255978233004208130
1255978235646656519
1255978235814457347
1255978236221284355
1255978236456173570
1255978236489629697
1255978231037116416
1255978234539171840
1255978237039120385
1255978237223714816
1255978237584384001
1255978238016356352
1255978238297411584
1255978234187001856
1255978238066769922
1255978239119556614
1255978239081750529
1255978237932351488
1255978239295709185
1255978240499474432
1255978240776298505
1255978240658849794
1255978241136812032
1255978240990162951
1255978242202316801
1255978242294591489
1255978242630193159
1255978243204792323
1255978244530208770
1255978244656029702
1255978244978991107
1255978247067774976
1255978247592042499
1255978247952773120
1255978248841895937
1255978249886281728
1255978250523881472
1255978251131985920
1255978251169738754
1255978253031964675
1255978253770244102
1255978253929590788
1255978256517550081
1255978256886452225
1255978259885457411
1255978259910664193
1255978260510527490
1255978260397162496
1255978261152178178
1255978261135458306
1255978261563260930
1255978262788014080
1255978262934753285
1255978264872484874
1255978265271062528
1255978265455538176
1255978265627500544
1255978266915229699
1255978268546777093
1255978268777422848
1255978269024890880
1255978269930905600
1255978270413123584
1255978271314935815
1255978271466020866
1255978271780503552
1255978272116137984
1255978272556548099
1255978272829190145
1255978274070704133
1255978273982603264
1255978274473328640
1255978275597402115
1255978276700504064
1255978277115695112
1255978276960509952
1255978277556142082
1255978277744840705
1255978278164332544
1255978278696947712
1255978279892328457
1255978280764739592
1255978281125453824
1255978281377161216
1255978283918864385
1255978284501909506
1255978284715835392
1255978284871028736
1255978285244256256
1255978285433008129
1255978286058004480
1255978287853117440
1255978289296019463
1255978289514123264
1255978289505632256
1255978290596261890
1255978290822762497
1255978290894036992
1255978291653197825
1255978291648921600
1255978292676616194
1255978293033144321
1255978293066694657
1255978293704232967
1255978294433939462
1255978294819934211
1255978295402864640
1255978295813902339
1255978296417964035
1255978297743245312
1255978298955517953
1255978298997387265
1255978298921881600
1255978299009925121
1255978301157445634
1255978301291663360
1255978301279084544
1255978301585338374
1255978301920817154
1255978302235455488
1255978303040692225
1255978303967694849
1255978303984459778
1255978303980216321
1255978304026394624
1255978304412229633
1255978304752009220
1255978304689123328
1255978304835915783
1255978304995233792
1255978305964163072
1255978306178072584
1255978306475884545
1255978306811330563
1255978308153589761
1255978308585611268
1255978309399298048
1255978309483192320
1255978310863069184
1255978311186087940
1255978311383158785
1255978312637263877
1255978312855363586
1255978313765605377
1255978313740357632
1255978313861853186
1255978314495414272
1255978314977685505
1255978315506204673
1255978316105908228
1255978316277972992
1255978316898750464
1255978317015969793
1255978317141983232
1255978317188120577
1255978317947207695
1255978319687933952
1255978319868297216
1255978320761696256
1255978321294360578
1255978321474617346
1255978321717997573
1255978322242211840
1255978322523303936
1255978323173236739
1255978322946863110
1255978323819270147
1255978324339326980
1255978324708528134
1255978324179980291
1255978324972756996
1255978325505454080
1255978326658887681
1255978327699066880
1255978328357588994
1255978329305473024
1255978330320297984
1255978330479898625
1255978330844790784
1255978330895069184
1255978332224659457
1255978332379906051
1255978332488978432
1255978333520703488
1255978333466173440
1255978334728728578
1255978335194230785
1255978335659843585
1255978336226029569
1255978336754585602
1255978338289692674
1255978338298060802
1255978338826498050
1255978339308896257
1255978339396980740
1255978339283734528
1255978339464105984
1255978339845709827
1255978340508450824
1255978340571328513
1255978340999184392
1255978341888294912
1255978341938663424
1255978342353903616
1255978342274289666
1255978343322746883
1255978343238959107
1255978343582838784
1255978344014925824
1255978345243779074
1255978345122193408
1255978345642196992
1255978345885466628
1255978347059953664
1255978347194187776
1255978347772940291
1255978348045459456
1255978348339216384
1255978348674768898
1255978348905406465
1255978349328990210
1255978349501001728
1255978350155304962
1255978350587363329
1255978351925346305
1255978352256696323
1255978352709689344
1255978352957108225
1255978353741438981
1255978354748141574
1255978354857127938
1255978355456950273
1255978356220272641
1255978357105328129
1255978358657220608
1255978359265333248
1255978359290499078
1255978359454150660
1255978361387716608
1255978361387724801
1255978364101419009
1255978364306948096
1255978364592144385
1255978364692824064
1255978364755730432
1255978364806070273
1255978366550900737
1255978367599312896
1255978369402970115
1255978372842360837
1255978375673503745
1255978375740559365
1255978376050982914
1255978376654921730
1255978376915009537
1255978377451917314
1255978378705985536
1255978379213496321
1255978379867717633
1255978380144631816
1255978381071572992
1255978381679759363
1255978384359919622
1255978385676931081
1255978386738085889
1255978386985541632
1255978387107176448
1255978388088553473
1255978388306657280
1255978389028159488
1255978389359464449
1255978389003022354
1255978390391263235
1255978391842492416
1255978392383639553
1255978393499099136
1255978393570598917
1255978393427947528
1255978393490927618
1255978394606620672
1255978394686283776
1255978395684478981
1255978396204621824
1255978397370589185
1255978398008193031
1255978397961990147
1255978398276517889
1255978398826012678
1255978399115481089
1255978398268239880
1255978399211888641
1255978399459422214
1255978400277237762
1255978400839340032
1255978401636155392
1255978401556582402
1255978401984385025
1255978402705821697
1255978403813040128
1255978403796340737
1255978405029437441
1255978405985738752
1255978406476427265
1255978407248060416
1255978408372318208
1255978408376401930
1255978410188431360
1255978410959990784
1255978411056672768
1255978411031441410
1255978411710955522
1255978412197515270
1255978412642045953
1255978412784726016
1255978412809883649
1255978413006958592
1255978413006950408
1255978413891956743
1255978413992611844
1255978414806368259
1255978415016095745
1255978416328904707
1255978416588967940
1255978418694492160
1255978418765692928
1255978419340312581
1255978420200185857
1255978421064282115
1255978421341040640
1255978421244608518
1255978422167355393
1255978422834278401
1255978423098519554
1255978423568273408
1255978423790469120
1255978425346555904
1255978425745125377
1255978428064583682
1255978429880688641
1255978429943513090
1255978430375624707
1255978430404927492
1255978430446927873
1255978431029874688
1255978431126306818
1255978432472723459
1255978433101926400
1255978433642999812
1255978434032959495
1255978434116935681
1255978434553098241
1255978434817339392
1255978435526230016
1255978435681366016
1255978436176293888
1255978438076350464
1255978438428631040
1255978438382452742
1255978438604869639
1255978440337117185
1255978440408412163
1255978441016520705
1255978441909903360
1255978443004678145
1255978443126255617
1255978444661436426
1255978445072412678
1255978444430749696
1255978445395365895
1255978445663805440
1255978446913748998
1255978446993440769
1255978446922137605
1255978447782006785
1255978448994152450
1255978449040224257
1255978449975590912
1255978450332143617
1255978450705354753
1255978452404092929
1255978452450230278
1255978452395720707
1255978452622196743
1255978453385580549
1255978454333480960
1255978454681518080
1255978454727774212
1255978455142981632
1255978455277207559
1255978456011202560
1255978456640339969
1255978456707411968
1255978457202376707
1255978458309701632
1255978458448084994
1255978458510917633
1255978458443849728
1255978458305499136
1255978459211403267
1255978461786771458
1255978461870665728
1255978466387820545
1255978466417262593
1255978467096756232
1255978468833202179
1255978469156163584
1255978469302960129
1255978470183702528
1255978471290998786
1255978471421104128
1255978472230584326
1255978469751742467
1255978474185076737
1255978474411622406
1255978475279855617
1255978474948435968
1255978475745394688
1255978476047392768
1255978476752035840
1255978477020483584
1255978478240968705
1255978479599976449
1255978481047015424
1255978481550274564
1255978482062032896
1255978482615701506
1255978483227987968
1255978483857199104
1255978474961022977
1255978484222111744
1255978484310081536
1255978485195198464
1255978486742859777
1255978486629572610
1255978488038858753
1255978487288147968
1255978489045495813
1255978489381085185
1255978489125261313
1255978491041939458
1255978491633418240
1255978484784074752
1255978491176267779
1255978472243105792
1255978492614922242
1255978493642526720
1255978496138063873
1255978496792449027
1255978498084278272
1255978498612768768
1255978498994450434
1255978499619328002
1255978500101677057
1255978500709900290
1255978501242585090
1255978501548789762
1255978502211461123
1255978502454640646
1255978503100674049
1255978504501559296
1255978505571127297
1255978506107961351
1255978506439274496
1255978507026534402
1255978507571691520
1255978508024717312
1255978508557434881
1255978509387923458
1255978509555687428
1255978509853433861
1255978510927175680
1255978511174635520
1255978511434764289
1255978512596578304
1255978512927907846
1255978513292832773
1255978515528331264
1255978516878954502
1255978518686707712
1255978518787301376
1255978520444129285
1255978521144496128
1255978521312276485
1255978522750918660
1255978523296137221
1255978523992432646
1255978524151877632
1255978526005755904
1255978526110633984
1255978526433566728
1255978528312524802
1255978528383864833
1255978528622993412
1255978530715906049
1255978531751964672
1255978533131878401
1255978533832339457
1255978534700539904
1255978534394310656
1255978534818009090
1255978535673446400
1255978536160178179
1255978537212874754
1255978537506521090
1255978537510715392
1255978538164985856
1255978539658162178
1255978539750481920
1255978540249604096
1255978540379639808
1255978540757065728
1255978541587390464
1255978541524692994
1255978541818265606
1255978542166421506
1255978542237716480
1255978543030419457
1255978543084961792
1255978543181369351
1255978544028684288
1255978544464871425
1255978544842366976
1255978545253355521
1255978545605681152
1255978547002384385
1255978548038434817
1255978548088778753
1255978548273319936
1255978549586153478
1255978549955178498
1255978550731190275
1255978550873804809
1255978551729364995
1255978551762980865
1255978553348423680
1255978554564771849
1255978554740932613
1255978555189706752
1255978556431237120
1255978556837986312
1255978557207126018
1255978557446201351
1255978557655920640
1255978557890756609
1255978559111344129
1255978559136555008
1255978559321112576
1255978560659034112
1255978560139001857
1255978560902311936
1255978560948445184
1255978561275600902
1255978561191710721
1255978561296642050
1255978562009673728
1255978562290671616
1255978562445869058
1255978563817308161
1255978564643688450
1255978565247664128
1255978565201469446
1255978565939728384
1255978565935550465
1255978567936159752
1255978568540176384
1255978568938651648
1255978569702027264
1255978570293432326
1255978571757228032
1255978572793118723
1255978572923260929
1255978573330100225
1255978573674033153
1255978573745336320
1255978574122754053
1255978574315769857
1255978574902726656
1255978575511109633
1255978575989215232
1255978576878469120
1255978577822089219
1255978577876656129
1255978578174529536
1255978578593939458
1255978578874900481
1255978579915087875
1255978580800163843
1255978580582023169
1255978581500493824
1255978582280675330
1255978583148965888
1255978583115403265
1255978583283183617
1255978584260390914
1255978586290434048
1255978586458271744
1255978587267743753
1255978587431329798
1255978588358221826
1255978589155196929
1255978589432004610
1255978589620756480
1255978589863981058
1255978590556094469
1255978591176871936
1255978591361343488
1255978592925814789
1255978594003804163
1255978594007953409
1255978594335100931
1255978595530485761
1255978596180557826
1255978596407050243
1255978597006925824
1255978597875146762
1255978597803855880
1255978598579744768
1255978598697185283
1255978599036997635
1255978599187984384
1255978599217324039
1255978599582228483
1255978601612222464
1255978601838755853
1255978601960411136
1255978604284055552
1255978606238539778
1255978606892908548
1255978608302215171
1255978609719869440
1255978610021801984
1255978610340646918
1255978610902683654
1255978612282531840
1255978613108768769
1255978613238890498
1255978613268234245
1255978613364711424
1255978614388072449
1255978614878863362
1255978615520538625
1255978615944163328
1255978616787271683
1255978617537994759
1255978617781223425
1255978618691489792
1255978618905378816
1255978619010199553
1255978619169411073
1255978619832119297
1255978619882680320
1255978619878473731
1255978620012683264
1255978619412807681
1255978619966492672
1255978620692168710
1255978620599840775
1255978622093066240
1255978622445379585
1255978622902509574
1255978623477125123
1255978623883972610
1255978625087799296
1255978626140573698
1255978626652278785
1255978626845224961
1255978627558187014
1255978627608522759
1255978627688169473
1255978627818311680
1255978629126856709
1255978629441433602
1255978629688897537
1255978630880153603
1255978631156903938
1255978632423657472
1255978632654270464
1255978633673543681
1255978633853841413
1255978634633973762
1255978636135596034
1255978636236263424
1255978636349407239
1255978637100306433
1255978637465194497
1255978638253662208
1255978638870302721
1255978639763607557
1255978640254345229
1255978640547905543
1255978640824819712
1255978640845746176
1255978641231679501
1255978641529475072
1255978641630154752
1255978642091507713
1255978642590531587
1255978642892603396
1255978643068719105
1255978643186167814
1255978643240730624
1255978643060166658
1255978644264099843
1255978644662628352
1255978645329412098
1255978645362966528
1255978646671691783
1255978647082721282
1255978647330177029
1255978647535550464
1255978650014531589
1255978650698219521
1255978651683872769
1255978652053000192
1255978652132671488
1255978653265072128
1255978654003343361
1255978654544388101
1255978654603120641
1255978654523408387
1255978656968646663
1255978658415738882
1255978658784849920
1255978659535638528
1255978659674050560
1255978660064100359
1255978661792165895
1255978662303850502
1255978662345703424
1255978663197147136
1255978664270991360
1255978665139027968
1255978665567027200
1255978665680277506
1255978665608908802
1255978665839648768
1255978667647344649
1255978667798396928
1255978668062621703
1255978668305891329
1255978668528189445
1255978668339453953
1255978669249638400
1255978669664862210
1255978670218522627
1255978670444945410
1255978672064024579
1255978672454086657
1255978672449900544
1255978673569779712
1255978673506787328
1255978673720696840
1255978674249240577
1255978674580529160
1255978674844819458
1255978676052791296
1255978676325429248
1255978676614766592
1255978676627398656
1255978679076880385
1255978680737726464
1255978680855207936
1255978681283088385
1255978681362677773
1255978682453237762
1255978683287961602
1255978683409616897
1255978683694751744
1255978683891924992
1255978685104078853
1255978686173634560
1255978685783511049
1255978686060408832
1255978686307864581
1255978688270786560
1255978688321069058
1255978688375635971
1255978688933507084
1255978689290031108
1255978689520701441
1255978690757918721
1255978691013881860
1255978691114532866
1255978691185819651
1255978691546529794
1255978691856863232
1255978691991146497
1255978692397932545
1255978692972511241
1255978693270417414
1255978693597503490
1255978693815668747
1255978694411255808
1255978695778545665
1255978696965525509
1255978697703768078
1255978697938612224
1255978698186076162
1255978698911690752
1255978699930943488
1255978699926712321
1255978700874698761
1255978701659013120
1255978702053216256
1255978702565003267
1255978703634542593
1255978704548880388
1255978705639419909
1255978706260164608
1255978707380035584
1255978708738981888
1255978709334593536
1255978709380628481
1255978711641399296
1255978712006262784
1255978713155547142
1255978713784766465
1255978713897992196
1255978714061512713
1255978714514546690
1255978716238315524
1255978716594933766
1255978717123424258
1255978717165375490
1255978717907689474
1255978717840576512
1255978718683676672
1255978719157587968
1255978719786799105
1255978720709562375
1255978720923443203
1255978722156576768
1255978724840869890
1255978725591732225
1255978726401212416
1255978726808080391
1255978727655145473
1255978727877545986
1255978728741654533
1255978730083823616
1255978730717171713
1255978732315082754
1255978732310925319
1255978733112041474
1255978733305028609
1255978734743666690
1255978735032872960
1255978734655541248
1255978735649435649
1255978737386078210
1255978737482465288
1255978737717456896
1255978738766032896
1255978739424428035
1255978740447879170
1255978737205682179
1255978739315466247
1255978741324484609
1255978741530066945
1255978742515720193
1255978742511534081
1255978743295811590
1255978743753068547
1255978743874682880
1255978743497199621
1255978744403148806
1255978745552343041
1255978745996992512
1255978746194034691
1255978746323992576
1255978747011969024
1255978747188129792
1255978747917934594
1255978748136087553
1255978748308062215
1255978748786233346
1255978749243404288
1255978748920254464
1255978749520015360
1255978749574762497
1255978752225542144
1255978752577802241
1255978753378975746
1255978753618034700
1255978753882296321
1255978753794150400
1255978754641481730
1255978754909798401
1255978756159700993
1255978756914786310
1255978757791330305
1255978758827397121
1255978758814740480
1255978759674617858
1255978759683035136
1255978760312180736
1255978761129992195
1255978761524318213
1255978761973116928
1255978762841309185
1255978763004895237
1255978763235573760
1255978763260776455
1255978764145754115
1255978764133154819
1255978764451766272
1255978764493824007
1255978764426555392
1255978766414856194
1255978766498770945
1255978766930714625
1255978767211790336
1255978767396241408
1255978767517921282
1255978767354335233
1255978768340041728
1255978768495149058
1255978769073999873
1255978769543843840
1255978769686413314
1255978771057950720
1255978771053719556
1255978771393449984
1255978771506696193
1255978772433698825
1255978772584636417
1255978772815327236
1255978773452861440
1255978774090440704
1255978774170042368
1255978774262353921
1255978776430854147
1255978776388931590
1255978776837718017
1255978778267918338
1255978778976813058
1255978781736665094
1255978782562963457
1255978783137554433
1255978784085467138
1255978785167605761
1255978787080212485
1255978787273048067
1255978788128583682
1255978788174868480
1255978789412143106
1255978790066454536
1255978790355902464
1255978791001866241
1255978791110946822
1255978791949778949
1255978792121761792
1255978792188813312
1255978792243339270
1255978792985731081
1255978793023557634
1255978793677852673
1255978793895952384
1255978794202128384
1255978794323783686
1255978794638348289
1255978794982268928
1255978795456245761
1255978795858829313
1255978797008130048
1255978797205159938
1255978797851172864
1255978798086062080
1255978798396387333
1255978798769754113
1255978799449214981
1255978799826718722
1255978799889514497
1255978800690667526
1255978801340743680
1255978801521098755
1255978802049699842
1255978802368385024
1255978802611716097
1255978802557091841
1255978802955591681
1255978803781828608
1255978803882610688
1255978804889169920
1255978805916770304
1255978806499819523
1255978806613024768
1255978806738915328
1255978806969499650
1255978807300890627
1255978808685006848
1255978808919896064
1255978809129611266
1255978809679065090
1255978810362773504
1255978810748649473
1255978811348389888
1255978812950687748
1255978813076525056
1255978816482222082
1255978817275015171
1255978817786654721
1255978817778302982
1255978818004803586
1255978819284066304
1255978819816652801
1255978820001243138
1255978820101910533
1255978820391374854
1255978821628592132
1255978821867704323
1255978822245191693
1255978822765346820
1255978823000240128
1255978823088254976
1255978823813914624
1255978823994220546
1255978824631812097
1255978825634234369
1255978825822986240
1255978827148414977
1255978827722915842
1255978827739729923
1255978829027434497
1255978829467865091
1255978830168195073
1255978830210174982
1255978832047362048
1255978832219254790
1255978832953331713
1255978833934761986
1255978834144497668
1255978835226570754
1255978835222441984
1255978835042086914
1255978836145119232
1255978836233248768
1255978836459696129
1255978836627464192
1255978837285969922
1255978837889949698
1255978839601287168
1255978839563546630
1255978839827718145
1255978840293363713
1255978840800796672
1255978841857810435
1255978842004561922
1255978841476136960
1255978842788896769
1255978843288023040
1255978843883610114
1255978844332470273
1255978844458233861
1255978844705689600
1255978844764454914
1255978845116813314
1255978845888528386
1255978846026903558
1255978846765146113
1255978846916153345
1255978847830528000
1255978848187023361
1255978848925163520
1255978849076199425
1255978850552602630
1255978850988761088
1255978852087709702
1255978852402311169
1255978853346000896
1255978853505384466
1255978853610270720
1255978853832577024
1255978854017097734
1255978856835690499
1255978857414483970
1255978860249784328
1255978860576899078
1255978861084512261
1255978862120439809
1255978861885632514
1255978862594359296
1255978863416479749
1255978864062365696
1255978864695742466
1255978864758722565
1255978866377666561
1255978867732484097
1255978868151902216
1255978869376659456
1255978869691121664
1255978869661872128
1255978870005587969
1255978870345478150
1255978871138275328
1255978872266522629
1255978872564330496
1255978873155653634
1255978873977782272
1255978874309140480
1255978875022180353
1255978874984423425
1255978875181584388
1255978875600977920
1255978875961651202
1255978875919663106
1255978878415364096
1255978878440529924
1255978880084606978
1255978882160787457
1255978882974482433
1255978883150745608
1255978883138105344
1255978883893133314
1255978884199256065
1255978885071745029
1255978885390520321
1255978885780512769
1255978886346813442
1255978886502002688
1255978886602674177
1255978887609225216
1255978887688962049
1255978887978389506
1255978889924485124
1255978891430121472
1255978891979735046
1255978893934288896
1255978894450180101
1255978894550863878
1255978895406444546
1255978896157224960
1255978896408879107
1255978896576610305
1255978896924827656
1255978897209995265
1255978900926205952
1255978901911805953
1255978902234828800
1255978902725558272
1255978902842998785
1255978903325364225
1255978903602188288
1255978904768122884
1255978905464377350
1255978906387197952
1255978907733557251
1255978908475953154
1255978908996042752
1255978909545496577
1255978910409461767
1255978910493356032
1255978910921211906
1255978911705563138
1255978911730667520
1255978913064501255
1255978913546809345
1255978914087948289
1255978914385723394
1255978915186737152
1255978915404886026
1255978915383959555
1255978915946024961
1255978916344410115
1255978916801544199
1255978916713508865
1255978917250379777
1255978918546472961
1255978919351762956
1255978919439761408
1255978920052248577
1255978920341647367
1255978922241667072
1255978922715557889
1255978923483168775
1255978923554418688
1255978924061921281
1255978924942725122
1255978925538324481
1255978925672595458
1255978926054297606
1255978926146490368
1255978926528069637
1255978927178371077
1255978927262175233
1255978928042360833
1255978928457515009
1255978928654688256
1255978929443278849
1255978929925632000
1255978930835767296
1255978930785353733
1255978931490037766
1255978932383494146
1255978933000056835
1255978933989900288
1255978934061187075
1255978934115713027
1255978934744858624
1255978935164325888
1255978936305098752
1255978936258965512
1255978937022373891
1255978938112901122
1255978938351968256
1255978938960150529
1255978940759408646
1255978942021984256
1255978942210740224
1255978942500143105
1255978942734970881
1255978945431908357
1255978945520025606
1255978946308575237
1255978948749668352
1255978949345148931
1255978949764616198
1255978949835763714
1255978951329144835
1255978952717471745
1255978952901959680
1255978954047062016
1255978954168717313
1255978954328023045
1255978955540246530
1255978955720531968
1255978956005744641
1255978956530102277
1255978957138165761
1255978958195228674
1255978959596118018
1255978960212590593
1255978960283996160
1255978960501997574
1255978960657231874
1255978960841736193
1255978962091556864
1255978962469208064
1255978963077398529
1255978963152838657
1255978963526131712
1255978963521978369
1255978963521978368
1255978963748470789
1255978964264390657
1255978964268527622
1255978965166153731
1255978965069635584
1255978966071996416
1255978966684504067
1255978967611453446
1255978968248918016
1255978968311873544
1255978968450285569
1255978968852897793
1255978969150693378
1255978969775702021
1255978969779838978
1255978970081869826
1255978971159805953
1255978971314954240
1255978971264626688
1255978971415617536
1255978971822505984
1255978972300693507
1255978972652937219
1255978973315633160
1255978973789671431
1255978975769374720
1255978975911972865
1255978976486572032
1255978978495598593
1255978978797633537
1255978979498037249
1255978979053514752
1255978980433440769
1255978981347725312
1255978981750444033
1255978982111088641
1255978982371143681
1255978983323242498
1255978985252687872
1255978986548518914
1255978987412750338
1255978988226449410
1255978988851339267
1255978989002334210
1255978991435091970
1255978972468449282
1255978990856216576
1255978991313399808
1255978980722774018
1255978994035458048
1255978994048139266
1255978994446602240
1255978994635341824
1255978994522038272
1255978995784519680
1255978995939762178
1255978996707270660
1255978996984098819
1255978997684592640
1255978998267551745
1255978998380859396
1255979000318636033
1255978999207153664
1255979000658305025
1255979000498982917
1255979002046619648
1255979002407333889
1255979004114460673
1255979004592566272
1255979004638695431
1255979004844224515
1255979004659740682
1255979004970119168
1255979005905436672
1255979007289556994
1255979007490826247
1255979009332121600
1255979009839693824
1255979013400596480
1255979013534818305
1255979014394707971
1255979015585882112
1255979016923815939
1255979017452347396
1255979017728962560
1255979018140123141
1255979018186371073
1255979019021025281
1255979019260043264
1255979020317085700
1255979022254780418
1255979022640730112
1255979022682656770
1255979023076909059
1255979024196743168
1255979024620404739
1255979024674967552
1255979024876273666
1255979025115332608
1255979025421475841
1255979025576706050
1255979026260295683
1255979026201665537
1255979027615166467
1255979028202299394
1255979028584030209
1255979028508487681
1255979029603192832
1255979030488264707
1255979030463098881
1255979030957957123
1255979031780102149
1255979032451207172
1255979032631533570
1255979034221203458
1255979034871246851
1255979034858717186
1255979035424931841
1255979037073145856
1255979037236826113
1255979039086575616
1255979040114184192
1255979040420302852
1255979040474836992
1255979042093838336
1255979043448672257
1255979044526608386
1255979044644020226
1255979045583544324
1255979046141415431
1255979046858633220
1255979047055745024
1255979047856877568
1255979048385183744
1255979049027080200
1255979049375215621
1255979050012758017
1255979050574786561
1255979050788585472
1255979050931281920
1255979051015122944
1255979051367444487
1255979051585601536
1255979050977431555
1255979051740811275
1255979052327993344
1255979052277673984
1255979053045202948
1255979053074526211
1255979054609686530
1255979055024922625
1255979055717003270
1255979055997911040
1255979056174170118
1255979057465917443
1255979057818238978
1255979058426494976
1255979059634413570
1255979059701518337
1255979059743506432
1255979060750057478
1255979061375119360
1255979061479948294
1255979061916114949
1255979062851514370
1255979064793411584
1255979064889872384
1255979065439289345
1255979065623941128
1255979066047553536
1255979066852872194
1255979066991181824
1255979067024781313
1255979067402313729
1255979067398074379
1255979067809153029
1255979070904467460
1255979071776964608
1255979071634386946
1255979072053624833
1255979072162848768
1255979072271683584
1255979072653533186
1255979073144307714
1255979073878310917
1255979074536607745
1255979074733867010
1255979075879002114
1255979076805963776
1255979076881395713
1255979077065998337
1255979078051606530
1255979079016333313
1255979080098471940
1255979080408805384
1255979082636017666
1255979083164536835
1255979084393390081
1255979085035159552
1255979087270760448
1255979087748882433
1255979088621252611
1255979089145606144
1255979089632079879
1255979089812434951
1255979089627930634
1255979090210930688
1255979090294833157
1255979091372769280
1255979092488466435
1255979092605796352
1255979092760985602
1255979093486702597
1255979093373394945
1255979093880909829
1255979094262644738
1255979094170316800
1255979094363291649
1255979095063769095
1255979095864872962
1255979096175194113
1255979096984752128
1255979096997330948
1255979097165049857
1255979098377269248
1255979098880585729
1255979099098669057
1255979099266453506
1255979099643940867
1255979100151439361
1255979100336009219
1255979100419825665
1255979100495282182
1255979100486983683
1255979100969340928
1255979101086760961
1255979101178998788
1255979102009470978
1255979103167143936
1255979103225876481
1255979103246864391
1255979104152817666
1255979105562120192
1255979105935331329
1255979105947959298
1255979106291920913
1255979106694504448
1255979106660909057
1255979107948658688
1255979108233883652
1255979108917489665
1255979109357887491
1255979109576052736
1255979109710286855
1255979110129696769
1255979110507184128
1255979111283130374
1255979111610277889
1255979112835006468
1255979113493475328
1255979114420371457
1255979115129253891
1255979115712299010
1255979116022677504
1255979116203040768
1255979116718895105
1255979117805285376
1255979118312685570
1255979118954459136
1255979119633989632
1255979120212750337
1255979120611254274
1255979120862924802
1255979121064148992
1255979121722744833
1255979122964205574
1255979124767838208
1255979125053030401
1255979125954748416
1255979127619948550
1255979127724802054
1255979128618090502
1255979129679368199
1255979130153304067
1255979130207842304
1255979131067654147
1255979133869404160
1255979134100135939
1255979134460858375
1255979135496790016
1255979136578920452
1255979136700616704
1255979137854046211
1255979138093133827
1255979138462240768
1255979139057758210
1255979139774980097
1255979140085354500
1255979140387426304
1255979140374761477
1255979141272305664
1255979142199283713
1255979142429933568
1255979142434238465
1255979143407206401
1255979143658983424
1255979143763763206
1255979143818358786
1255979144095162370
1255979144845942786
1255979145462497282
1255979145340780544
1255979146037153792
1255979146292924416
1255979146695540737
1255979146884366336
1255979146703929344
1255979147622522882
1255979149493223426
1255979149925195777
1255979150311075840
1255979151053512711
1255979153184169990
1255979153419010049
1255979153607794688
1255979154014646284
1255979154350145543
1255979155973378048
1255979156246061057
1255979156833173505
1255979156959084544
1255979157185540096
1255979157466611718
1255979157634330624
1255979159135928320
1255979160348000263
1255979160620675072
1255979162306785284
1255979162575294466
1255979162608828416
1255979163196014597
1255979163409924097
1255979164571774976
1255979165691625475
1255979165838462976
1255979167071514624
1255979167356723200
1255979167709106177
1255979167847534593
1255979169625890816
1255979171534254089
1255979171664232451
1255979171945369601
1255979172108828673
1255979172234739713
1255979172649934849
1255979172792598529
1255979173258108929
1255979176730873856
1255979177230073865
1255979177305608195
1255979177926418436
1255979178161209345
1255979178375229440
1255979178790400001
1255979178874359808
1255979179029430272
1255979180354920450
1255979180258406407
1255979180401008641
1255979180736610304
1255979180732416000
1255979183299321856
1255979183571734528
1255979184855429120
1255979186205929475
1255979186705006592
1255979187191644161
1255979187887902721
1255979188357664768
1255979188739334144
1255979188756131848
1255979189016109059
1255979190752628736
1255979190790340609
1255979191171985419
1255979191499141120
1255979191734018054
1255979191205576707
1255979192056975360
1255979192484757504
1255979192497438725
1255979193818636288
1255979194372304898
1255979194560937989
1255979194007408641
1255979195773091848
1255979196205223946
1255979196398145537
1255979198214258688
1255979198348431365
1255979198625337344
1255979198616829952
1255979198776303617
1255979198855950341
1255979199019528194
1255979199359320065
1255979200722452482
1255979201213149184
1255979202714746882
1255979203012460544
1255979203578789890
1255979205285883904
1255979205793284096
1255979206732918785
1255979206929874944
1255979207215235076
1255979207613730817
1255979208377073669
1255979209907933194
1255979210033770499
1255979210264453126
1255979210918834178
1255979211547869187
1255979211690594307
1255979212126683138
1255979212105793540
1255979212290260997
1255979212349063175
1255979212923711489
1255979214634979333
1255979214995628032
1255979215712911364
1255979215700312064
1255979216430084096
1255979217185095696
1255979217294110728
1255979217654775808
1255979217801674752
1255979218728636422
1255979219647152137
1255979219718410241
1255979219961688064
1255979217390637068
1255979220037181443
1255979220297297925
1255979221203275776
1255979221656240128
1255979221668835335
1255979222574796801
1255979223216525318
1255979223610724353
1255979224298672129
1255979225003294726
1255979226391511041
1255979226479702025
1255979226693591043
1255979226387361792
1255979227264045062
1255979227188469762
1255979227670773761
1255979227847045120
1255979228153163777
1255979228371267585
1255979228883025925
1255979230296506376
1255979231173017602
1255979232917811202
1255979233320542208
1255979234939543552
1255979235153530880
1255979236009091074
1255979226106335233
1255979237841960960
1255979238878035972
1255979239016411136
1255979239272300545
1255979227150761985
1255979240891338755
1255979241876881409
1255979242225098752
1255979244469063687
1255979244515135494
1255979245517639684
1255979245953744898
1255979246222282753
1255979246624870402
1255979246448713728
1255979247115649028
1255979247560265728
1255979247631556608
1255979248600395778
1255979248575275008
1255979249154039808
1255979249296650242
1255979249724461057
1255979249716080648
1255979249909071872
1255979250257219587
1255979250374639616
1255979250903023617
1255979251288989696
1255979251544834055
1255979252387848195
1255979252547235840
1255979253134434307
1255979254782648321
1255979256104005634
1255979256305209346
1255979257135685637
1255979257811140608
1255979257848881153
1255979257655934979
1255979258842886144
1255979259715354624
1255979259996274688
1255979260768129026
1255979261036462081
1255979262131286017
1255979262051573766
1255979263788044288
1255979264698089472
1255979264954040322
1255979265805430792
1255979265885175810
1255979267546103808
1255979267609047042
1255979267730673664
1255979269320085505
1255979269089628160
1255979271530729472
1255979271698464771
1255979271690035201
1255979272981880832
1255979272990326786
1255979274689011718
1255979275850862601
1255979276823924738
1255979277318791172
1255979278933594113
1255979280414257154
1255979283878731778
1255979283941593089
1255979283807375362
1255979283945791490
1255979285325774852
1255979285250297860
1255979285560647686
1255979285866741767
1255979288387518464
1255979288735686656
1255979289981399040
1255979290975514624
1255979291306864640
1255979291361316871
1255979291692728320
1255979292011487237
1255979292799967232
1255979293257142273
1255979293760524288
1255979293877907458
1255979293911527424
1255979293936627712
1255979294540607496
1255979294616104960
1255979295371132933
1255979295467548673
1255979295509544966
1255979296092495872
1255979296222523392
1255979296369369090
1255979296910385157
1255979296973340678
1255979297141112832
1255979297589911553
1255979298961448960
1255979299154378758
1255979299447943168
1255979299678687232
1255979299972186114
1255979300282458112
1255979301608046599
1255979302602113025
1255979303474528257
1255979304372101120
1255979304888008706
1255979305118687234
1255979305273905153
1255979305450029059
1255979306460819457
1255979306758610945
1255979306913804288
1255979308713234438
1255979309547872256
1255979309686296578
1255979309736624131
1255979309875040259
1255979310013452290
1255979310994862080
1255979311275954184
1255979311473049600
1255979311598833664
1255979311519203344
1255979312500609025
1255979315033931779
1255979315994468354
1255979316367720448
1255979316711772164
1255979317043113986
1255979317554806785
1255979318230089733
1255979318590812162
1255979319630929920
1255979319630991365
1255979319903608835
1255979319924535297
1255979320511729669
1255979320662777866
1255979320801099778
1255979321375719426
1255979321447067649
1255979322025938950
1255979322919321602
1255979323720454150
1255979325255553030
1255979325565870080
1255979325662408704
1255979325716905985
1255979327478468609
1255979328510275596
1255979328531247105
1255979329407848448
1255979330376794112
1255979330330640385
1255979330590695424
1255979331114893313
1255979331903467522
1255979332134191106
1255979333379780608
1255979334919168006
1255979337569927168
1255979339121930242
1255979340254281730
1255979340271157248
1255979342309535745
1255979343056117762
1255979343400112128
1255979344008282112
1255979344373190657
1255979345979604994
1255979346315096064
1255979346566709251
1255979346814214144
1255979346940047360
1255979347384635392
1255979347539890177
1255979347913121794
1255979349787971591
1255979349813141504
1255979350463328256
1255979350383525895
1255979350840745990
1255979352359133185
1255979352359079943
1255979352531054595
1255979352602431488
1255979353416097793
1255979353944580098
1255979354305290242
1255979355546832896
1255979355764916224
1255979355991347216
1255979356075196416
1255979357501304838
1255979358604398593
1255979359460081665
1255979359808208903
1255979359615188992
1255979361255264261
1255979362131771392
1255979362857385986
1255979363020963840
1255979363440439298
1255979364174434310
1255979364635770883
1255979365655027713
1255979365759844359
1255979365923532801
1255979366359748610
1255979367135612929
1255979367571894277
1255979368024866822
1255979367961964555
1255979368523931649
1255979369614528517
1255979371204014081
1255979371535499273
1255979371736809475
1255979372030418944
1255979372017745921
1255979372676251651
1255979373389328387
1255979373376737285
1255979373410373634
1255979373536124930
1255979374135951361
1255979375008321536
1255979375520092161
1255979375754973185
1255979375834644489
1255979375964622848
1255979376702820367
1255979376795148288
1255979377998868481
1255979379097772032
1255979379349389314
1255979379550752774
1255979380259663873
1255979381215965184
1255979381522038785
1255979381966745603
1255979382587494401
1255979383019515912
1255979382889472000
1255979384063823873
1255979384395235330
1255979384500031488
1255979385112473603
1255979385552801793
1255979386081357828
1255979386387529728
1255979386542731267
1255979387117281283
1255979387977183232
1255979388333690880
1255979388409204738
1255979390325923842
1255979390778978304
1255979391487815680
1255979391613616130
1255979391819145216
1255979393442295810
1255979393840750592
1255979394855833601
1255979395300368385
1255979395958833154
1255979396449464321
1255979395967311873
1255979396567089152
1255979396881698822
1255979396198019080
1255979397045198855
1255979397447811074
1255979397523419142
1255979398379036680
1255979399104671753
1255979399884791808
1255979400878841857
1255979401059106816
1255979401428140032
1255979401424056320
1255979402145550336
1255979402900447235
1255979403177332742
1255979403659677702
1255979403504386048
1255979404188139520
1255979404313976839
1255979404494344192
1255979405060509696
1255979408948592640
1255979409699491843
1255979410639015936
1255979411356164103
1255979414610939905
1255979415173021696
1255979416850763776
1255979417345634308
1255979417609871366
1255979417849024516
1255979418129965056
1255979418603978758
1255979418733940738
1255979419061100549
1255979419333787651
1255979419790909441
1255979419979702275
1255979420235546624
1255979420977897481
1255979421682536448
1255979422601134082
1255979423112839169
1255979424928993283
1255979425012776962
1255979425721733120
1255979425872691201
1255979426493411331
1255979427185426434
1255979427177136130
1255979427764350977
1255979428359831554
1255979429890863111
1255979430037594113
1255979430201171968
1255979430327070722
1255979430813499392
1255979431065194501
1255979432944242697
1255979433166585858
1255979433443438594
1255979433531518977
1255979434131283969
1255979434240286720
1255979434273902592
1255979434492014592
1255979435918004226
1255979436207493127
1255979436287111173
1255979436379430912
1255979436605943808
1255979437461512193
1255979437939720192
1255979440674390016
1255979441320329223
1255979441706217473
1255979442427609093
1255979442507337729
1255979442960322565
1255979443723649028
1255979445388804096
1255979445950840832
1255979445967609859
1255979445720096775
1255979446257029121
1255979446701613058
1255979446424780803
1255979448651993090
1255979449268539393
1255979449968967680
1255979450216468480
1255979450388418560
1255979450619084804
1255979451327938562
1255979452510674944
1255979452531707911
1255979453357981697
1255979454465290241
1255979454758862848
1255979455304151042
1255979455543234563
1255979455647973382
1255979456767954944
1255979457120264192
1255979458110119938
1255979458709815296
1255979458651205632
1255979458902843395
1255979459687170048
1255979460660256768
1255979460693839882
1255979460970643458
1255979461390094350
1255979462153383946
1255979462455418888
1255979463650750465
1255979464258990085
1255979464598618113
1255979465240346624
1255979465605361667
1255979466532294656
1255979466825891844
1255979466993684480
1255979467425689601
1255979468293836802
1255979468616851456
1255979469753380864
1255979470080573446
1255979470403534850
1255979470604951553
1255979471464730629
1255979472135864326
1255979472093937665
1255979472492400641
1255979472618229766
1255979475340275719
1255979478204977153
1255979478335045634
1255979478683193344
1255979478859341825
1255979479538728960
1255979481837248514
1255979482311204864
1255979482789416965
1255979483410112513
1255979483921866761
1255979484768956417
1255979485658308610
1255979485826072576
1255979485679235072
1255979486685913091
1255979486945914884
1255979487533182982
1255979488225243139
1255979488296546305
1255979488682409987
1255979490318127104
1255979489999368192
1255979491140292610
1255979491102507021
1255979492222402565
1255979492314619907
1255979492365029378
1255979494197862402
1255979494197862400
1255979495082901505
1255979490859155456
1255979497129684992
1255979497368715266
1255979487344427014
1255979494835355654
1255979498161549319
1255979484676841473
1255979498853539840
1255979499293900800
1255979500669730816
1255979500808146945
1255979501080764420
1255979501294624768
1255979502750052352
1255979503186259970
1255979503547043840
1255979503945424903
1255979503739965456
1255979505044393984
1255979505329545219
1255979506541658113
1255979506990546946
1255979506923438082
1255979507774828545
1255979508030672896
1255979508525600770
1255979508764737537
1255979509519654912
1255979509649727497
1255979510828347392
1255979511121874946
1255979512120201218
1255979513508433926
1255979514712207360
1255979515983073281
1255979481736634376
1255979517610516482
1255979517996339200
1255979518218690564
1255979519133048838
1255979519653089282
1255979519724228609
1255979519615344640
1255979520299020289
1255979520550670337
1255979520756047872
1255979521242804230
1255979521616084992
1255979522513612800
1255979523973222401
1255979524438790148
1255979524950499329
1255979525005021184
1255979524870701056
1255979527135789056
1255979528029122561
1255979528507273217
1255979528582770688
1255979528784154624
1255979529232842752
1255979529602023424
1255979529715290112
1255979530726014978
1255979531028004866
1255979531405611008
1255979531871170562
1255979533213282310
1255979532961615874
1255979534484111372
1255979534605828101
1255979534702297092
1255979534857523200
1255979534907781121
1255979536052899841
1255979536228941829
1255979536547749891
1255979536753270794
1255979537650909184
1255979537944530952
1255979538049269766
1255979538070278145
1255979539139907585
1255979539559264257
1255979539546755073
1255979540964356096
1255979541748727808
1255979541962665985
1255979541966839813
1255979542461677569
1255979542860173312
1255979542939869184
1255979543141236736
1255979543296380932
1255979543371943941
1255979544194015232
1255979544877637637
1255979545058062341
1255979545007738880
1255979544995135490
1255979545850720257
1255979546177912834
1255979546291167232
1255979547096465408
1255979546983227393
1255979548669345792
1255979549713747973
1255979551836045315
1255979553304035338
1255979553983475713
1255979554411331586
1255979554537119745
1255979556554575875
1255979558110744576
1255979558257463301
1255979558223917056
1255979558626623494
1255979558928560135
1255979560119816192
1255979559259910144
1255979560258154497
1255979560899956736
1255979560975454209
1255979561038295040
1255979560933429250
1255979561625489408
1255979562552496134
1255979562724360197
1255979563168956422
1255979565622665219
1255979567145267204
1255979567757570063
1255979567623397376
1255979569875767307
1255979571029123073
1255979571503079424
1255979574011351041
1255979574313259009
1255979574317527040
1255979576724983813
1255979576959873024
1255979579904311296
1255979580344750081
1255979579988197376
1255979581942779904
1255979582165041155
1255979582085369858
1255979582743773187
1255979583402319878
1255979584312487938
1255979584685772816
1255979584941633538
1255979585214337024
1255979585252048896
1255979587537973250
1255979587919642626
1255979588951441409
1255979589270110209
1255979589274415106
1255979589278597121
1255979589383458821
1255979589798629376
1255979590427848704
1255979591845457921
1255979592071995393
1255979592986361863
1255979593380630528
1255979593707765775
1255979593896509442
1255979594114531332
1255979594232053763
1255979595377115137
1255979595830083584
1255979596492820483
1255979597075812353
1255979597117743109
1255979597398781953
1255979598560530439
1255979598459932675
1255979598665469956
1255979598896128002
1255979599227478016
1255979599747563528
1255979599911059457
1255979600745828358
1255979602792591360
1255979603266584582
1255979604327763968
1255979604441010180
1255979604961083392
1255979605388861445
1255979605430804492
1255979605518942212
1255979605762215938
1255979607335079940
1255979607523758081
1255979607729324033
1255979608102572041
1255979608731791363
1255979608803028994
1255979609302208517
1255979609604177925
1255979609809707008
1255979609939759109
1255979610644393987
1255979611575463937
1255979611793522692
1255979612334587906
1255979613362294787
1255979613576204288
1255979613924274177
1255979614519861249
1255979614649933830
1255979614691831809
1255979615216164864
1255979616075907072
1255979617242042370
1255979617200078849
1255979617564921856
1255979617623703559
1255979618231877644
1255979619259465729
1255979619435663361
1255979620182130690
1255979620287090693
1255979620391964675
1255979620480036864
1255979621398519810
1255979621906071557
1255979622765858817
1255979622984044544
1255979623827021824
1255979623835410432
1255979624011530241
1255979624145784834
1255979625286635520
1255979625743777795
1255979626846998528
1255979628130455552
1255979628138823685
1255979628663050240
1255979629028016128
1255979630290444289
1255979630504402944
1255979631577972736
1255979631599071234
1255979631951458304
1255979632236601345
1255979632463134720
1255979632530280449
1255979634568691712
1255979634681880579
1255979635315220480
1255979637156569088
1255979637756346371
1255979639593480193
1255979639543083008
1255979640209977344
1255979641338241024
1255979643322187776
1255979645234798593
1255979647004745736
1255979647717847041
1255979649072594944
1255979648758034432
1255979649689178112
1255979650460901376
1255979652298006539
1255979655368183808
1255979655640866819
1255979657612099585
1255979657784184832
1255979657717047296
1255979659277328384
1255979659512209410
1255979659516395520
1255979659654807552
1255979662259425287
1255979662678929409
1255979662339080196
1255979664054669319
1255979665958883335
1255979666499928066
1255979666608971777
1255979666931888129
1255979667313561600
1255979667414298625
1255979668043444225
1255979668437598209
1255979668768870401
1255979669737943041
1255979671092629510
1255979672472600576
1255979673210716163
1255979674460737541
1255979675777728512
1255979675911929858
1255979676041953282
1255979675672870914
1255979677790986241
1255979678097121281
1255979678218805253
1255979678722068483
1255979679531532294
1255979679988793346
1255979679917449217
1255979681049952262
1255979681159041024
1255979681641369602
1255979682102640646
1255979682534735879
1255979682442379264
1255979682899595264
1255979683461685253
1255979683834970123
1255979684640284673
1255979683633664000
1255979684736745476
1255979684812251136
1255979685579821056
1255979685718130693
1255979687005872128
1255979689233002497
1255979689342046208
1255979691594440704
1255979692718526469
1255979692898779140
1255979693901316097
1255979694584987654
1255979694782111745
1255979694907895809
1255979697973932033
1255979697986469888
1255979698284302338
1255979698854690817
1255979699467104264
1255979700264013825
1255979700347908099
1255979701023145985
1255979701379702790
1255979701530755074
1255979701543284739
1255979701505601538
1255979702042398725
1255979702973599744
1255979703418130437
1255979703409795075
1255979704370298883
1255979704760369156
1255979705263587330
1255979705574047744
1255979706031144961
1255979706744258565
1255979707184660480
1255979707230760962
1255979707885125634
1255979708711395329
1255979708551921665
1255979710384869383
1255979711173361672
1255979711525785601
1255979712213549056
1255979713232875520
1255979714335969280
1255979714273042432
1255979715673960448
1255979716105945093
1255979716521189377
1255979716584054784
1255979717083226118
1255979717678772225
1255979718261833728
1255979719885021185
1255979719931166725
1255979721030017025
1255979720983838727
1255979720778436608
1255979721805963266
1255979722623913985
1255979722678435840
1255979722535829504
1255979723362054145
1255979724066742273
1255979724419018757
1255979727216685057
1255979727304753154
1255979727526993926
1255979727824793604
1255979727996805126
1255979728655331328
1255979728680468484
1255979730504908801
1255979731452821504
1255979731498999809
1255979731683590145
1255979733537501186
1255979732925059074
1255979734619521025
1255979734762237953
1255979738100830209
1255979738537091072
1255979739057213440
1255979740407660551
1255979740625805314
1255979741473116160
1255979741007564802
1255979742072918016
1255979742295142411
1255979742714564610
1255979743947694089
1255979745155702786
1255979745801637890
1255979746573328385
1255979730093912065
1255979746619523073
1255979747290611713
1255979747525439488
1255979732627324932
1255979748368568326
1255979731591274496
1255979749597425666
1255979750067240969
1255979750016851968
1255979750633463810
1255979751291998220
1255979751375855616
1255979751535083520
1255979751984029700
1255979751988236288
1255979752235687937
1255979752692776964
1255979753057779717
1255979753120636930
1255979754349563907
1255979755100344322
1255979755767242752
1255979728311406595
1255979754114756614
1255979756463538182
1255979757348536322
1255979757633548288
1255979758632030208
1255979758782906370
1255979760200626178
1255979762109091841
1255979762067136512
1255979763233107969
1255979763396681729
1255979764457897987
1255979765183451145
1255979765590372352
1255979766315986946
1255979769956642817
1255979770199912450
1255979770774511624
1255979771265253381
1255979771302993927
1255979771512717319
1255979772229881856
1255979772288458758
1255979772674523148
1255979774419271682
1255979774809460737
1255979775329538048
1255979775929323520
1255979777196019712
1255979777506398214
1255979777422438404
1255979777644793862
1255979778319974404
1255979778500419586
1255979780584996866
1255979780639346688
1255979780748521477
1255979781419610114
1255979781641904129
1255979783915212809
1255979784036855815
1255979784116600841
1255979784418529292
1255979784514998274
1255979785962115075
1255979786805133312
1255979787207786497
1255979787811684357
1255979788101132290
1255979789304901634
1255979789770506246
1255979790580006913
1255979790839971840
1255979791649562629
1255979791918018564
1255979792018690048
1255979793348210689
1255979794438787078
1255979794451304455
1255979794656870402
1255979794665279491
1255979795231453186
1255979795399217152
1255979795432734724
1255979796087136256
1255979795927703553
1255979796175163394
1255979798368628736
1255979798775676928
1255979799429906438
1255979799761256449
1255979800734445568
1255979801128697856
1255979801845862401
1255979801271304193
1255979801862643713
1255979801837547520
1255979802428874753
1255979802554744832
1255979803016138753
1255979804052074498
1255979804656107520
1255979805079732229
1255979806367367170
1255979807696998402
1255979808913326081
1255979809483694082
1255979809848557569
1255979810188337159
1255979810683305984
1255979812239392772
1255979812163850240
1255979812289724421
1255979814986678278
1255979815603183616
1255979815775199233
1255979816513343494
1255979816999936007
1255979817830359040
1255979818367123456
1255979818446991360
1255979818480533506
1255979820703498240
1255979821710090243
1255979821554978816
1255979821882056704
1255979822242725889
1255979822490271748
1255979823119437827
1255979824100843524
1255979824235130881
1255979824843284484
1255979825174634498
1255979825287835648
1255979825635962880
1255979826298658816
1255979826294468608
1255979826424557570
1255979827443773440
1255979828035162119
1255979828282634240
1255979828609597445
1255979828970479619
1255979829205368833
1255979829951946754
1255979830002229249
1255979829977022464
1255979830610444292
1255979830849400832
1255979832141213698
1255979832120352777
1255979832057495552
1255979833546457088
1255979834230128641
1255979834855043072
1255979836201410560
1255979836243312641
1255979836675424261
1255979836004237320
1255979836780228608
1255979837543665664
1255979837707235328
1255979837501693952
1255979837682069504
1255979838487363584
1255979839225507844
1255979839984742402
1255979840345387010
1255979842031452162
1255979842165768194
1255979842060914688
1255979842971086855
1255979842962632704
1255979843289841664
1255979844535554057
1255979845105922048
1255979845978337281
1255979846712385540
1255979846615937027
1255979847433760768
1255979848826261506
1255979850407575553
1255979850508177411
1255979851657424897
1255979852177555456
1255979852223647744
1255979852722774016
1255979852722778112
1255979852617965573
1255979853192613888
1255979853477797890
1255979853872091137
1255979853918220288
1255979854450667520
1255979854870327307
1255979854836752384
1255979854773829644
1255979855352680449
1255979857135243264
1255979857655275520
1255979858015985664
1255979858498326528
1255979858133430272
1255979860549402628
1255979861551788032
1255979862709415937
1255979862894018560
1255979862818467841
1255979863904747523
1255979864232005633
1255979864424771584
1255979864877867008
1255979865863585794
1255979867193192449
1255979867797106689
1255979868447219714
1255979869059629061
1255979869525217280
1255979869546184705
1255979869613314048
1255979870657617925
1255979870611537923
1255979871064506369
1255979871219703813
1255979871890792449
1255979872972931072
1255979875397177346
1255979876131254282
1255979876382912512
1255979877012066304
1255979877725089793
1255979877607583745
1255979878647771136
1255979878781943812
1255979879142694915
1255979879511752707
1255979882569482241
1255979883257368576
1255979883584458752
1255979883752275968
1255979884100366338
1255979884473712647
1255979885119655936
1255979886168215552
1255979886122057731
1255979886440841216
1255979886713409539
1255979885677424640
1255979886910603266
1255979886923206658
1255979888625975301
1255979888831541250
1255979889485926403
1255979891251691525
1255979891314614272
1255979892732280838
1255979894057635841
1255979894191853569
1255979894871293959
1255979894934310913
1255979894460354567
1255979895693467649
1255979896146452482
1255979896016375816
1255979896897241096
1255979897048248321
1255979897291526145
1255979897606082562
1255979898360995844
1255979899300569095
1255979899636121600
1255979899808079874
1255979900525334531
1255979900621725698
1255979901439672320
1255979901817159681
1255979902966398977
1255979904493137920
1255979905554231304
1255979905608814592
1255979908494393344
1255979909073207302
1255979911002705922
1255979911510208513
1255979912856469505
1255979912940355586
1255979912634216448
1255979913791901697
1255979914001551360
1255979914538422279
1255979916232966144
1255979917222838278
1255979917197684738
1255979918577610752
1255979919026290688
1255979919869435914
1255979920083365900
1255979920037154816
1255979922776117248
1255979924143439875
1255979924730634241
1255979925116420097
1255979926001459201
1255979926488047617
1255979927112990721
1255979927670841344
1255979929281445890
1255979929797263361
1255979929843519490
1255979932557234177
1255979932695617539
1255979934171967494
1255979934411096064
1255979934947905536
1255979935098953729
1255979934918590467
1255979936067829760
1255979938001424384
1255979938320179201
1255979938601148422
1255979938987073536
1255979939096080389
1255979939750445058
1255979939767205889
1255979939922358273
1255979940262150145
1255979940757024768
1255979940736008194
1255979940752826370
1255979941411336195
1255979941403000832
1255979941742723082
1255979941763723267
1255979942069833735
1255979943340781569
1255979943852478464
1255979943927963650
1255979944183844866
1255979944200544256
1255979944997531649
1255979945190457345
1255979945844670464
1255979946951966727
1255979947463761920
1255979947891609601
1255979948503977984
1255979948873060357
1255979949737021440
1255979950286475270
1255979951611949057
1255979952228511744
1255979952677310464
1255979952710836224
1255979953855889408
1255979954074005507
1255979955361587205
1255979955978190849
1255979956271751168
1255979957009989633
1255979960268984320
1255979959786639361
1255979960596140035
1255979960893870081
1255979960956866570
1255979962055766017
1255979962403893250
1255979963024637955
1255979963083132928
1255979963834085376
1255979965268594688
1255979965314732032
1255979966698831877
1255979967193767939
1255979967487279109
1255979969282531328
1255979969420894208
1255979971190886406
1255979971279048712
1255979972730277890
1255979973359341569
1255979974818959361
1255979974928011266
1255979975045513216
1255979975079079938
1255979975959891974
1255979976966443009
1255979978992336896
1255979979076251655
1255979979218747395
1255979979424358402
1255979979889872896
1255979979776700416
1255979980162576385
1255979980993056769
1255979982557532167
1255979983283138562
1255979984230977538
1255979985107640322
1255979987397738502
1255979987749961728
1255979987921846274
1255979987875835910
1255979989146705921
1255979989784289281
1255979990916706304
1255979991873073154
1255979991885586435
1255979992120516611
1255979993705975818
1255979993970114560
1255979994418995203
1255979994943234055
1255979996956495873
1255979997753479168
1255979999552831488
1255979994402021376
1255979999586324481
1255980000270000132
1255979979898224642
1255980000634904577
1255980000710361088
1255980001998057474
1255980002543271936
1255980003105419266
1255980003411611650
1255980003747135489
1255980003801681924
1255980003906318336
1255980004502122497
1255980005412294657
1255980006251147266
1255980007316480001
1255980007807225856
1255980008096649221
1255980008503459840
1255980008415342592
1255980009140953089
1255980011632365569
1255980012404199424
1255980012240592903
1255980012894904322
1255980012936794113
1255980012995559431
1255980013058473990
1255980013880512512
1255980014530682883
1255980015939981319
1255980015914815494
1255980016367697920
1255980017789607937
1255980017844183041
1255980018183950337
1255980018355896320
1255980018548826121
1255980018502520832
1255980020847296517
1255980021388279808
1255980021451239424
1255980021442924544
1255980022256545792
1255980022353068033
1255980022562721793
1255980023946842116
1255980024177610753
1255980024454426624
1255980025268092929
1255980025544937472
1255980025687552001
1255980024752230402
1255980025817554946
1255980027151294465
1255980028527083521
1255980031177826311
1255980032213889024
1255980032347996160
1255980035632246785
1255980036072538112
1255980035997081600
1255980036936564741
1255980036890427395
1255980037456695296
1255980037851041794
1255980038014603270
1255980039792922630
1255980039742554112
1255980040124317700
1255980040615006209
1255980040795369473
1255980041189699584
1255980041667739648
1255980041667821568
1255980041961377795
1255980042045227011
1255980042133405697
1255980042296987650
1255980042364112896
1255980042582208512
1255980042787663879
1255980043009961985
1255980044461187074
1255980045518229505
1255980046487085068
1255980046847795201
1255980047174942723
1255980047250403331
1255980047569166337
1255980047917252608
1255980049364328453
1255980049590870018
1255980050144538627
1255980051100839938
1255980051109163009
1255980052765908993
1255980052812042240
1255980053940375560
1255980054519132160
1255980055387348993
1255980055647391744
1255980055773220864
1255980057425780737
1255980057761284101
1255980057920778246
1255980057941749760
1255980058000400390
1255980058055004160
1255980058138882049
1255980058134614017
1255980058205962243
1255980058163937282
1255980058277220352
1255980059275427840
1255980058591846400
1255980059791446016
1255980059887894530
1255980061297201154
1255980061292933121
1255980062274396165
1255980063285293057
1255980064350617601
1255980066917552128
1255980067789905921
1255980068020633602
1255980068406472706
1255980068876279809
1255980068989538304
1255980069127778304
1255980068536541184
1255980070113550340
1255980071564857346
1255980073221488641
1255980073284485123
1255980076191174662
1255980076220452866
1255980076807729154
1255980077533270018
1255980077612965889
1255980078082732032
1255980081131945996
1255980081605902336
1255980081463336964
1255980082079977475
1255980082474221569
1255980082805563396
1255980083279429635
1255980084244230148
1255980084625801216
1255980085221490688
1255980085284347904
1255980086253232129
1255980086429433856
1255980087381499907
1255980087482167296
1255980088472023044
1255980088631406593
1255980088828592130
1255980089239535619
1255980090422366209
1255980091005382664
1255980093148737536
1255980093610082305
1255980094339899392
1255980094734155777
1255980095942078464
1255980096579686400
1255980096936181772
1255980097003302912
1255980097464668162
1255980097884086274
1255980097691176964
1255980097921781767
1255980098232242176
1255980098521612289
1255980098739671042
1255980098815250432
1255980099368820737
1255980099419193345
1255980100211879936
1255980100794888195
1255980101017186311
1255980103462531078
1255980103919644673
1255980104276217856
1255980104641130497
1255980105484173322
1255980105752612866
1255980106071396352
1255980106541158400
1255980106641793025
1255980107396796419
1255980109778968577
1255980109959516161
1255980110387326977
1255980111620460544
1255980112106917889
1255980112702517265
1255980113608544258
1255980114543861767
1255980114510258178
1255980114766069769
1255980115294552071
1255980116003389441
1255980116150226946
1255980116582244353
1255980117232418817
1255980117496487936
1255980117647659008
1255980118192926720
1255980118842974209
1255980118801108992
1255980119342096384
1255980119426031616
1255980120122195969
1255980120684335105
1255980121636339712
1255980123620282370
1255980123909734402
1255980124501151747
1255980125700657153
1255980126132678657
1255980126195646465
1255980126359236611
1255980126489186304
1255980127525261312
1255980128389267458
1255980128586412032
1255980129274167298
1255980129987244032
1255980131346251776
1255980133036560386
1255980133313400833
1255980134252847107
1255980134483611650
1255980135947350019
1255980136295534594
1255980136727527427
1255980138170327040
1255980139692916737
1255980139470610438
1255980140183588878
1255980140699533314
1255980140909248513
1255980140997365760
1255980141093761024
1255980141014126592
1255980141395746817
1255980142012387328
1255980142452715520
1255980143581028355
1255980144256262144
1255980144327606274
1255980145212641281
1255980147561373702
1255980147796250625
1255980148198739968
1255980148328972290
1255980149448871944
1255980149390049281
1255980150459695104
1255980151076200449
1255980152946937868
1255980153173348352
1255980153437634567
1255980154595221506
1255980155010506753
1255980155018915843
1255980155555774471
1255980156096839680
1255980156239458309
1255980156310695939
1255980156772126720
1255980156939796480
1255980156897972225
1255980157661306881
1255980158214963200
1255980158659497984
1255980159976472577
1255980159934640136
1255980160127578112
1255980160828026880
1255980160760848384
1255980161914281985
1255980163092885515
1255980163411726337
1255980164179283972
1255980164443508738
1255980165215240192
1255980165592690688
1255980165764730881
1255980167744434178
1255980167727644674
1255980168025460736
1255980167631187973
1255980168641986560
1255980169363423233
1255980169988366336
1255980170558783488
1255980171024314368
1255980171548594177
1255980172274282502
1255980172513329154
1255980172777586689
1255980173155078151
1255980173650006017
1255980173314404352
1255980174568456194
1255980174853787648
1255980175185121280
1255980176556490752
1255980176963522567
1255980177642979332
1255980178012061697
1255980178183946247
1255980180432195586
1255980180541186050
1255980180469923847
1255980180545380353
1255980181073821696
1255980181954707462
1255980182869020672
1255980183078801413
1255980183041052672
1255980184223834112
1255980184391516161
1255980184542552064
1255980184643215361
1255980184844611592
1255980184832028680
1255980185532411904
1255980185612156928
1255980185717014536
1255980186530701314
1255980186883014657
1255980187524661254
1255980188204236807
1255980188434915328
1255980189949009920
1255980191689695233
1255980191777775616
1255980192025190414
1255980192193024000
1255980192889217025
1255980193287675907
1255980193895854081
1255980194894053381
1255980195665850369
1255980197054230538
1255980197180067844
1255980197377126400
1255980198245392384
1255980199243587584
1255980199658901505
1255980200229310473
1255980203383369731
1255980203366645766
1255980203349807104
1255980204314570752
1255980205337915392
1255980205941952521
1255980205908332544
1255980206424285184
1255980206302605315
1255980207003111425
1255980208219394049
1255980208705937413
1255980209121214464
1255980209586737152
1255980209976815616
1255980210366877697
1255980210551431168
1255980210991837189
1255980212053069825
1255980213122588672
1255980213869174784
1255980214179581954
1255980215492280321
1255980216293494784
1255980216402489349
1255980217753112577
1255980217589542912
1255980218101137408
1255980218180919296
1255980218302509057
1255980218197528576
1255980218440912897
1255980219250487299
1255980219321790467
1255980219577643008
1255980219866980352
1255980220278071296
1255980219325911042
1255980220932411397
1255980221322444802
1255980221246967808
1255980221288906754
1255980221360222208
1255980221448310785
1255980221821526022
1255980221976776710
1255980222232571905
1255980224740765700
1255980225227259905
1255980225508397059
1255980226946965504
1255980227337105415
1255980227659993091
1255980228847046656
1255980229417332736
1255980229769809920
1255980231623618562
1255980231783002112
1255980232676384770
1255980233582313472
1255980235008475142
1255980236971413507
1255980241505452037
1255980241765482499
1255980242931462146
1255980243002818560
1255980243309006851
1255980243485175808
1255980243657031681
1255980230730276871
1255980244147863552
1255980244663664641
1255980245259292673
1255980245636780042
1255980245943046145
1255980246110818304
1255980246333108224
1255980245737451522
1255980246513315841
1255980247553622022
1255980247574433793
1255980247662673920
1255980247352086528
1255980247654100999
1255980247729790979
1255980247788318720
1255980247905861632
1255980249147465729
1255980242923130882
1255980249914867712
1255980251022229504
1255980250737106945
1255980252549066757
1255980234886782976
1255980253354303488
1255980255157813248
1255980255128551424
1255980254742679552
1255980256089047040
1255980256562995205
1255980257292750855
1255980258228080642
1255980259175993352
1255980259276738563
1255980258915991552
1255980261730377728
1255980261919068161
1255980262187577349
1255980261835190274
1255980262648840192
1255980262762086401
1255980263139610626
1255980263303249920
1255980263663964160
1255980264972582914
1255980265073246218
1255980265211678722
1255980265735888897
1255980266662871040
1255980267036180480
1255980267061288962
1255980267124273153
1255980267505762304
1255980268290224128
1255980268260859905
1255980268869029889
1255980269611384836
1255980269758103557
1255980270051876865
1255980271272411136
1255980271641518082
1255980271620497408
1255980271331147777
1255980272035622913
1255980272480407555
1255980272463601666
1255980273189171200
1255980273050750976
1255980273415700485
1255980274334269440
1255980275567337474
1255980278444634117
1255980278520086528
1255980279400931328
1255980279308718083
1255980280097234944
1255980280717938691
1255980281623912448
1255980281804328962
1255980282164936707
1255980281716187141
1255980282160832524
1255980282999705605
1255980283603628034
1255980283255500800
1255980284383825925
1255980284719378443
1255980285025562625
1255980285218480137
1255980285818277895
1255980287089086466
1255980287831441411
1255980288490045443
1255980289148493825
1255980289429569538
1255980289702191104
1255980290461306880
1255980290801053696
1255980291837038593
1255980294924050432
1255980296123617282
1255980295993655302
1255980296480178176
1255980296555593728
1255980296580841474
1255980296719290375
1255980296887042048
1255980297138683904
1255980297264533510
1255980297314852864
1255980297591586819
1255980297683906561
1255980298623320064
1255980299084840960
1255980299554623497
1255980299835637760
1255980300007587840
1255980300309495812
1255980300775145475
1255980302079582210
1255980301643284481
1255980302314414082
1255980303442513921
1255980303648243715
1255980304273223686
1255980304969449475
1255980305204359171
1255980304877191169
1255980306802388992
1255980306919763972
1255980307209244673
1255980307532169217
1255980308169719811
1255980308605865988
1255980310552023040
1255980310833086464
1255980310837280768
1255980312137523201
1255980312800133121
1255980313152536579
1255980313190244352
1255980313630703617
1255980313810960384
1255980313932705793
1255980313995612161
1255980314393849857
1255980315450933248
1255980315291652101
1255980316570923009
1255980317963358208
1255980319548887046
1255980320421224450
1255980320702238722
1255980321608208392
1255980322300268545
1255980323160104961
1255980323143286785
1255980323990646791
1255980324246433793
1255980324472983554
1255980325349531652
1255980326217822214
1255980326372937729
1255980326947618816
1255980327249592321
1255980327564124162
1255980328239366144
1255980330235953159
1255980331771072516
1255980332442177544
1255980332941291521
1255980333071245317
1255980333545205761
1255980334233145344
1255980335097090056
1255980335214612480
1255980335768240128
1255980335797538816
1255980336586129408
1255980337290764289
1255980338267947008
1255980338490363904
1255980338599333888
1255980338662322176
1255980339245301761
1255980339228561409
1255980339199172619
1255980339916390400
1255980340037984263
1255980340079931397
1255980340117737473
1255980340499353602
1255980340545544192
1255980341329788930
1255980341187227648
1255980341443145737
1255980342055501825
1255980343368302593
1255980343473078273
1255980343699689473
1255980343661920257
1255980346493087744
1255980347990446081
1255980348816723973
1255980349529698305
1255980349680758785
1255980349953359875
1255980350238580736
1255980351119405056
1255980351286996992
1255980351106711557
1255980352293789697
1255980352910299136
1255980352851542022
1255980353027702790
1255980353371717633
1255980353732345863
1255980353115828224
1255980353912700929
1255980354395156481
1255980354709553153
1255980356668358656
1255980357159133184
1255980358354558977
1255980358799065088
1255980358916505601
1255980359382073345
1255980359487041542
1255980359793115143
1255980359948386305
1255980360292237315
1255980360246140933
1255980360418103297
1255980360099344385
1255980361126985728
1255980362829881346
1255980363853299713
1255980364193042432
1255980365438693381
1255980366248267781
1255980366332133376
1255980367254863877
1255980367259074565
1255980367938543621
1255980368508968961
1255980368542433280
1255980368727072776
1255980369024868356
1255980369192632328
1255980368848715777
1255980369259778049
1255980369410752515
1255980369423347717
1255980369679130624
1255980371180732416
1255980372032131074
1255980372606607360
1255980372929712131
1255980372980051971
1255980375123398657
1255980375047835649
1255980375635038209
1255980379644858368
1255980378415927302
1255980380873768961
1255980380865409025
1255980381054124032
1255980381536505866
1255980381683269632
1255980382035546114
1255980383012872194
1255980384162111490
1255980385890009088
1255980386674491397
1255980386909171713
1255980388943638528
1255980389107195906
1255980389178499074
1255980389363068928
1255980390394875914
1255980390487134216
1255980392445890560
1255980392131239943
1255980392936624134
1255980393213374468
1255980393347629058
1255980393960013826
1255980394849148929
1255980396048723970
1255980397424492544
1255980397743177728
1255980398061981698
1255980399894900738
1255980400012394496
1255980400230518787
1255980400943542278
1255980401664950278
1255980402801590277
1255980402730287104
1255980404533792771
1255980405502722050
1255980405573984257
1255980407415345153
1255980408145051650
1255980408325332992
1255980410133151746
1255980412221960193
1255980412314279936
1255980412662358017
1255980413107015683
1255980413941690368
1255980414650507266
1255980415191592963
1255980416114311169
1255980416344915968
1255980417104203781
1255980418580516865
1255980418765111296
1255980419675295744
1255980419717226496
1255980419910074377
1255980420031799296
1255980420639920129
1255980421390663682
1255980422212866048
1255980422862954497
1255980423575941121
1255980423940837377
1255980424599388161
1255980424704204800
1255980425476014080
1255980425668952075
1255980425228533760
1255980426780344324
1255980427979915264
1255980428919480327
1255980429640962049
1255980429842268161
1255980430068789250
1255980430219771916
1255980431696068610
1255980431721316354
1255980431872266248
1255980432895741952
1255980432878944257
1255980434011365384
1255980434271412224
1255980436502781952
1255980436465029121
1255980436486074368
1255980437748551681
1255980437798883336
1255980438788636682
1255980439078133760
1255980439371763712
1255980439640162304
1255980440055418881
1255980440592285699
1255980441225629702
1255980441355669508
1255980443813453824
1255980443930935296
1255980444367179782
1255980444501381121
1255980444866301952
1255980446875185154
1255980446812385283
1255980446925705216
1255980447668088832
1255980448003620864
1255980447957504000
1255980448188071943
1255980447839989760
1255980449211572224
1255980449505181696
1255980449534484481
1255980449450602498
1255980450587295745
1255980451501690882
1255980451824635904
1255980451908464640
1255980451984015368
1255980452193730562
1255980452344627201
1255980453481365505
1255980453582049281
1255980453523316737
1255980454580232195
1255980452810285060
1255980454244728835
1255980454848663553
1255980456081793024
1255980456794902534
1255980457159790592
1255980457549869057
1255980457478492160
1255980458489372674
1255980458913009664
1255980459877679107
1255980460112580609
1255980461257605120
1255980461937119232
1255980462243221505
1255980462826237953
1255980463728087041
1255980463765716992
1255980463883276288
1255980463958753282
1255980464436916229
1255980464780836865
1255980464789217286
1255980465149771779
1255980467054141446
1255980468350210057
1255980468698308608
1255980468962557952
1255980469298049024
1255980470690549762
1255980470812237825
1255980470782828544
1255980470996779009
1255980471315501061
1255980471525179393
1255980471890182150
1255980472989073408
1255980473379106816
1255980474230546439
1255980476013203460
1255980476126330882
1255980476185088004
1255980476663312384
1255980477200117760
1255980477493710848
1255980477414092809
1255980478735187968
1255980478911459332
1255980478982692865
1255980479087554564
1255980479553118208
1255980480664608769
1255980480870170630
1255980481201438720
1255980482031992833
1255980482858287104
1255980483961389057
1255980484401790976
1255980486796759040
1255980486901538816
1255980486796759048
1255980487249625095
1255980488587710465
1255980488830996481
1255980488717631488
1255980489841741824
1255980490659713025
1255980490768764934
1255980491100098560
1255980492068921345
1255980492169588741
1255980492362526722
1255980492538523648
1255980492798689280
1255980492953923584
1255980492869955585
1255980495084703749
1255980496640790529
1255980496712073217
1255980497093758978
1255980497634803712
1255980497592819713
1255980497865527297
1255980497760641024
1255980498326827008
1255980499199234049
1255980500306612226
1255980501325709314
1255980502818918404
1255980502756077575
1255980503640965120
1255980503829811202
1255980504337330177
1255980503334891525
1255980505562066946
1255980495072100355
1255980506619011073
1255980506677739521
1255980507478798338
1255980508250624002
1255980508384841729
1255980508481273856
1255980510695829504
1255980510783967234
1255980511052390405
1255980512725872643
1255980512889516033
1255980513908719616
1255980514525265928
1255980515322200070
1255980517146624000
1255980518556000257
1255980518585380871
1255980518723792896
1255980518992117761
1255980519038357504
1255980520665681921
1255980521886228481
1255980522053959681
1255980522121109504
1255980496594616320
1255980523899494400
1255980524172201984
1255980524419469312
1255980524386091008
1255980525057122306
1255980525426298882
1255980525937983488
1255980526525128706
1255980526583926791
1255980527313735680
1255980528496521219
1255980529347944451
1255980530035838977
1255980531231195138
1255980532355260416
1255980534016217090
1255980534095904780
1255980534423007232
1255980534402080779
1255980534662082560
1255980534855094273
1255980535601659908
1255980536029261824
1255980537002561536
1255980537556144128
1255980538814443526
1255980538789330949
1255980540165066752
1255980540630532101
1255980541486272516
1255980541922459651
1255980542291521539
1255980542543233026
1255980542585159680
1255980542840975361
1255980542283177985
1255980543273062407
1255980543138816002
1255980543499436033
1255980544019640323
1255980544095137797
1255980543902126081
1255980544418070528
1255980545324077057
1255980545370132483
1255980547102433281
1255980547643453442
1255980547744116737
1255980548109094912
1255980549199593474
1255980549597954050
1255980549820252160
1255980550118146053
1255980550713720833
1255980551175057414
1255980552139812866
1255980552873803777
1255980552898990086
1255980554950004738
1255980555415453696
1255980555256172553
1255980556254355468
1255980557336489987
1255980557458116613
1255980557512646656
1255980557680414725
1255980558137556993
1255980558368280577
1255980558892650496
1255980558984908804
1255980560062779393
1255980560259801088
1255980561656688640
1255980562252206081
1255980561858007041
1255980563036602368
1255980563242106880
1255980565641203714
1255980566324940805
1255980567339941888
1255980568304549888
1255980568598188033
1255980569365749761
1255980570624098314
1255980571261636608
1255980571509039105
1255980572578586633
1255980574050836482
1255980574155702273
1255980575841832962
1255980576093454337
1255980576349261824
1255980577112629248
1255980577351782400
1255980577859272705
1255980578077323266
1255980580858212353
1255980581395075073
1255980582561079299
1255980582816931841
1255980583169273856
1255980584343678985
1255980585400573959
1255980587057373184
1255980587439075328
1255980588076535808
1255980588437299206
1255980589854982145
1255980589448073216
1255980589972361224
1255980590769283072
1255980592224706561
1255980595575955457
1255980595924082688
1255980596200910849
1255980596448440320
1255980598524600322
1255980599392821248
1255980599896129539
1255980599992614912
1255980600294625285
1255980600525283332
1255980602018402310
1255980603461324800
1255980604216225796
1255980605281636355
1255980605461929988
1255980605663215617
1255980605835227139
1255980607680675841
1255980608423104512
1255980608624484357
1255980609144598531
1255980610952269826
1255980611636006912
1255980611979948033
1255980612785225736
1255980613536034822
1255980613196230659
1255980613833822208
1255980614181888003
1255980615477968897
1255980616601960448
1255980616971149318
1255980617801576456
1255980618078466048
1255980617902231552
1255980618078474252
1255980620628533248
1255980621199007745
1255980621542969345
1255980621521924097
1255980622616592384
1255980623329660930
1255980624277581824
1255980624776749058
1255980625212985345
1255980627310120962
1255980627570147328
1255980627930812417
1255980627528159233
1255980629344292864
1255980631122685952
1255980632108421121
1255980632607506433
1255980632645271553
1255980632905113600
1255980633685471233
1255980634897616896
1255980635468038147
1255980636084539393
1255980637116391424
1255980636776660992
1255980637481324544
1255980638349508612
1255980639611957249
1255980640060739590
1255980640127848449
1255980639955963909
1255980641067433985
1255980641281245184
1255980641444921345
1255980641654579200
1255980641709109254
1255980641939869698
1255980643126829058
1255980643625979904
1255980644670242816
1255980644754165766
1255980645458870275
1255980646058676226
1255980646197006336
1255980647228850177
1255980647832846336
1255980649216868356
1255980649560911878
1255980650236125192
1255980651263807488
1255980652287197186
1255980653734244353
1255980654157840388
1255980654367514626
1255980654791135233
1255980655495782400
1255980656171114498
1255980656615665665
1255980656812797955
1255980657215303680
1255980657622290434
1255980658150817795
1255980658696032257
1255980658717069312
1255980658784075778
1255980659958571013
1255980660856164354
1255980661078401027
1255980661695021068
1255980661850210305
1255980661820796931
1255980663548805120
1255980665692094464
1255980666258247680
1255980667470561282
1255980667588009986
1255980667617390594
1255980668120596480
1255980668569489413
1255980670838595584
1255980671069282307
1255980671320891393
1255980671090245632
1255980671631319041
1255980671689986048
1255980672516317186
1255980672688193536
1255980674571333632
1255980674764414977
1255980674445651968
1255980675435507712
1255980675863392256
1255980676312162307
1255980677755015177
1255980677889212416
1255980679579545601
1255980680850345988
1255980681697558529
1255980682599370752
1255980683295588354
1255980683878678529
1255980684004356096
1255980684507779076
1255980684948017154
1255980686852468739
1255980687057920001
1255980688660193281
1255980688756609025
1255980688806944768
1255980688890871811
1255980689817829378
1255980689842978816
1255980691306708992
1255980691856203776
1255980692929904641
1255980694209269761
1255980696457359361
1255980697174659072
1255980698550312962
1255980699565338624
1255980699666067456
1255980700014202880
1255980701293465600
1255980702581080071
1255980702815809536
1255980703436636160
1255980704376201217
1255980704619466759
1255980705085108229
1255980705810714624
1255980706787921921
1255980707190579203
1255980708432097280
1255980709501530112
1255980710697017344
1255980710755815425
1255980712521596934
1255980712425111553
1255980712416681985
1255980712622243841
1255980712651563009
1255980713050083328
1255980713092005890
1255980713653960705
1255980714559971333
1255980714589401090
1255980714845241345
1255980714929070082
1255980715029729283
1255980715021344768
1255980715168186375
1255980715872784385
1255980717202378752
1255980717789581312
1255980717881819137
1255980718188040192
1255980718326497285
1255980719639158784
1255980720050274310
1255980720121622529
1255980720373276673
1255980720767537152
1255980722097192964
1255980722273292289
1255980722789253120
1255980722969628674
1255980723363815431
1255980723531657216
1255980725423296516
1255980725549109248
1255980725880455169
1255980725821734914
1255980726136254464
1255980726379569154
1255980727004520448
1255980727482691595
1255980727558197251
1255980727918833665
1255980728308940804
1255980728422215681
1255980728501796864
1255980729743421440
1255980730032758786
1255980730758430721
1255980731857276928
1255980732511653889
1255980734990475265
1255980735497932800
1255980736013885441
1255980736211025920
1255980737817448454
1255980737909710854
1255980737263697922
1255980738375299072
1255980738622771201
1255980738958196741
1255980739918733312
1255980740174544899
1255980740967309314
1255980741244211201
1255980741286076417
1255980741676187650
1255980742410108929
1255980742687051776
1255980743106445324
1255980743433637889
1255980745392304136
1255980746004725762
1255980747225206784
1255980748701683718
1255980749737660416
1255980752161910784
1255980752447197186
1255980752816218112
1255980753776771073
1255980753759977472
1255980754942689286
1255980755110572035
1255980748806459396
1255980756956045314
1255980757589336064
1255980759309004800
1255980760198250498
1255980760286269443
1255980760047259650
1255980761234227204
1255980761620021248
1255980762563784706
1255980762563776513
1255980763268382727
1255980763582996485
1255980765055266816
1255980765285961728
1255980767928295424
1255980769392164865
1255980770277163013
1255980771061481473
1255980771233464320
1255980772131028992
1255980772227518464
1255980772806275073
1255980773691265028
1255980773989142533
1255980774723125251
1255980775406788609
1255980775704604677
1255980776937660419
1255980779051511810
1255980779923963906
1255980780045598725
1255980780121133058
1255980780746084352
1255980781106876416
1255980782461517826
1255980782755217410
1255980782658748421
1255980782990118912
1255980783820513280
1255980784713961472
1255980785670279173
1255980786643279879
1255980787436072961
1255980787800907783
1255980788056756227
1255980788761399299
1255980789529038855
1255980789789065217
1255980789981945857
1255980790837583874
1255980793467371521
1255980793945640961
1255980794314661892
1255980794109181963
1255980795044466690
1255980796114014215
1255980797145866241
1255980798387380225
1255980798211174403
1255980798945234947
1255980799243046915
1255980799784112128
1255980800845250560
1255980800790663174
1255980801260470274
1255980801466011648
1255980801981845508
1255980802472542211
1255980803298856961
1255980803814756353
1255980804435558401
1255980805668720641
1255980806205583360
1255980807153385473
1255980807845445633
1255980807916789761
1255980808021704708
1255980809049300992
1255980809250656261
1255980811632992258
1255980812081803270
1255980812559962112
1255980813092519949
1255980813264523266
1255980814585774082
1255980814652903432
1255980814971670534
1255980815214948352
1255980815047176198
1255980815672127489
1255980815663628288
1255980815944736769
1255980816351604738
1255980817966403589
1255980818218000384
1255980818062880775
1255980818549346305
1255980819392401412
1255980819786711041
1255980820206178304
1255980820860411904
1255980821867114498
1255980823821668353
1255980824400400388
1255980824933138433
1255980825499353089
1255980825620942849
1255980827130957827
1255980827495849984
1255980828150108160
1255980828544425984
1255980829144223745
1255980830754824198
